this experiment is for Neucheckpoints/ConsistencyExp/Yahoo/VAE/VAE_Yahoo_perf4_epoch9_hr0.3500.pt and VAE
users_DEL_lxr: 0.010813268820106484
users_INS_lxr: 0.016477227521644044
NDCG_lxr: 0.289531323468738
POS_at_1_lxr: 0.03680369776755602
POS_at_5_lxr: 0.40124899936620134
POS_at_10_lxr: 0.46238851591039826
POS_at_20_lxr: 0.5165315171043271
POS_at_50_lxr: 0.5666543449573341
POS_at_100_lxr: 0.5835920200724622
NEG_at_1_lxr: 0.12486504073393315
NEG_at_5_lxr: 0.5151389772746686
NEG_at_10_lxr: 0.5386398165873247
NEG_at_20_lxr: 0.5606655564274359
NEG_at_50_lxr: 0.5811903299462213
NEG_at_100_lxr: 0.5894062573986757
users_DEL_jaccard: 0.010416321864925573
users_INS_jaccard: 0.017916678378487493
NDCG_jaccard: 0.2874809968445876
POS_at_1_jaccard: 0.037069738664706094
POS_at_5_jaccard: 0.39909405077589954
POS_at_10_jaccard: 0.4606383825624685
POS_at_20_jaccard: 0.5123439953960857
POS_at_50_jaccard: 0.5634569592732056
POS_at_100_jaccard: 0.5792207325327292
NEG_at_1_jaccard: 0.11471965777993141
NEG_at_5_jaccard: 0.5141002553183276
NEG_at_10_jaccard: 0.5399087841933549
NEG_at_20_jaccard: 0.5622247008758019
NEG_at_50_jaccard: 0.5827258951793914
NEG_at_100_jaccard: 0.5895877126699514
users_DEL_cosine: 0.0103117220818465
users_INS_cosine: 0.018083007246644783
NDCG_cosine: 0.28326522385152003
POS_at_1_cosine: 0.03359675447552272
POS_at_5_cosine: 0.3913555487842991
POS_at_10_cosine: 0.45449546525809476
POS_at_20_cosine: 0.5082442771453138
POS_at_50_cosine: 0.5621319536068826
POS_at_100_cosine: 0.5805494760119543
NEG_at_1_cosine: 0.12153793725092803
NEG_at_5_cosine: 0.5194930568736724
NEG_at_10_cosine: 0.5436278611908751
NEG_at_20_cosine: 0.5628512256041229
NEG_at_50_cosine: 0.582907350450667
NEG_at_100_cosine: 0.5893659340050589
users_DEL_lime: 0.012519023075493229
users_INS_lime: 0.013787375842943284
NDCG_lime: 0.3187048429142711
POS_at_1_lime: 0.05768250226711616
POS_at_5_lime: 0.4561387021240447
POS_at_10_lime: 0.5045182564801473
POS_at_20_lime: 0.5381031775723869
POS_at_50_lime: 0.5750272371064818
POS_at_100_lime: 0.5856002330836694
NEG_at_1_lime: 0.08856684469475447
NEG_at_5_lime: 0.5006488619031395
NEG_at_10_lime: 0.5326949530773284
NEG_at_20_lime: 0.5568531152646953
NEG_at_50_lime: 0.580677134447996
NEG_at_100_lime: 0.5890332660077203
users_DEL_shap: 0.012397427805834943
users_INS_shap: 0.012760323273590885
NDCG_shap: 0.3323179960503796
POS_at_1_shap: 0.07354909976310628
POS_at_5_shap: 0.467151730836594
POS_at_10_shap: 0.5097216314103074
POS_at_20_shap: 0.5453507650915308
POS_at_50_shap: 0.5757678111254988
POS_at_100_shap: 0.5858031960111832
NEG_at_1_shap: 0.0817149801191342
NEG_at_5_shap: 0.45939365247411756
NEG_at_10_shap: 0.5007445514939255
NEG_at_20_shap: 0.5434735713412546
NEG_at_50_shap: 0.5764100553306173
NEG_at_100_shap: 0.5862171810060064
users_DEL_accent: 0.010319420889754063
users_INS_accent: 0.016643856780875755
NDCG_accent: 0.29819477032007413
POS_at_1_accent: 0.05224588010564809
POS_at_5_accent: 0.40422255606574914
POS_at_10_accent: 0.46106480034964165
POS_at_20_accent: 0.513354791434303
POS_at_50_accent: 0.5662037612919879
POS_at_100_accent: 0.5808285770395583
NEG_at_1_accent: 0.09726834967632425
NEG_at_5_accent: 0.4934059297303895
NEG_at_10_accent: 0.5287207238704066
NEG_at_20_accent: 0.5567457307907807
NEG_at_50_accent: 0.5815696218674293
NEG_at_100_accent: 0.5895473892763344
