this experiment is for Neucheckpoints/ConsistencyExp/Yahoo/VAE/VAE_Yahoo_perf1_epoch1_hr0.0971.pt and VAE
users_DEL_lxr: 0.0014186202668798607
users_INS_lxr: 0.0010933294542660717
NDCG_lxr: 0.5961260022297988
POS_at_1_lxr: 0.5947350828137993
POS_at_5_lxr: 0.5972312279481972
POS_at_10_lxr: 0.5972312279481972
POS_at_20_lxr: 0.5972312279481972
POS_at_50_lxr: 0.5972312279481972
POS_at_100_lxr: 0.5972312279481972
NEG_at_1_lxr: 0.5942072614511767
NEG_at_5_lxr: 0.5972312279481972
NEG_at_10_lxr: 0.5972312279481972
NEG_at_20_lxr: 0.5972312279481972
NEG_at_50_lxr: 0.5972312279481972
NEG_at_100_lxr: 0.5972312279481972
users_DEL_jaccard: 0.0013522712034932129
users_INS_jaccard: 0.0011826007498050987
NDCG_jaccard: 0.5954189717670748
POS_at_1_jaccard: 0.5928818547052781
POS_at_5_jaccard: 0.5972312279481972
POS_at_10_jaccard: 0.5972312279481972
POS_at_20_jaccard: 0.5972312279481972
POS_at_50_jaccard: 0.5972312279481972
POS_at_100_jaccard: 0.5972312279481972
NEG_at_1_jaccard: 0.5955539187858581
NEG_at_5_jaccard: 0.5972312279481972
NEG_at_10_jaccard: 0.5972312279481972
NEG_at_20_jaccard: 0.5972312279481972
NEG_at_50_jaccard: 0.5972312279481972
NEG_at_100_jaccard: 0.5972312279481972
users_DEL_cosine: 0.0013589925056548926
users_INS_cosine: 0.0011735787967226854
NDCG_cosine: 0.5954189717670748
POS_at_1_cosine: 0.5928818547052781
POS_at_5_cosine: 0.5972312279481972
POS_at_10_cosine: 0.5972312279481972
POS_at_20_cosine: 0.5972312279481972
POS_at_50_cosine: 0.5972312279481972
POS_at_100_cosine: 0.5972312279481972
NEG_at_1_cosine: 0.5955539187858581
NEG_at_5_cosine: 0.5972312279481972
NEG_at_10_cosine: 0.5972312279481972
NEG_at_20_cosine: 0.5972312279481972
NEG_at_50_cosine: 0.5972312279481972
NEG_at_100_cosine: 0.5972312279481972
users_DEL_lime: 0.0013670574734262351
users_INS_lime: 0.0011582571358516242
NDCG_lime: 0.5958370848848985
POS_at_1_lime: 0.5939522579747389
POS_at_5_lime: 0.5972312279481972
POS_at_10_lime: 0.5972312279481972
POS_at_20_lime: 0.5972312279481972
POS_at_50_lime: 0.5972312279481972
POS_at_100_lime: 0.5972312279481972
NEG_at_1_lime: 0.5952817358789446
NEG_at_5_lime: 0.5972312279481972
NEG_at_10_lime: 0.5972312279481972
NEG_at_20_lime: 0.5972312279481972
NEG_at_50_lime: 0.5972312279481972
NEG_at_100_lime: 0.5972312279481972
users_DEL_shap: 0.0013774191328625913
users_INS_shap: 0.0011439724262259335
NDCG_shap: 0.5954756424316482
POS_at_1_shap: 0.5930354045168663
POS_at_5_shap: 0.5972312279481972
POS_at_10_shap: 0.5972312279481972
POS_at_20_shap: 0.5972312279481972
POS_at_50_shap: 0.5972312279481972
POS_at_100_shap: 0.5972312279481972
NEG_at_1_shap: 0.5955539187858581
NEG_at_5_shap: 0.5972312279481972
NEG_at_10_shap: 0.5972312279481972
NEG_at_20_shap: 0.5972312279481972
NEG_at_50_shap: 0.5972312279481972
NEG_at_100_shap: 0.5972312279481972
users_DEL_accent: 0.0013016563245245112
users_INS_accent: 0.0012632689287389138
NDCG_accent: 0.5953165613443131
POS_at_1_accent: 0.5925418935086445
POS_at_5_accent: 0.5972312279481972
POS_at_10_accent: 0.5972312279481972
POS_at_20_accent: 0.5972312279481972
POS_at_50_accent: 0.5972312279481972
POS_at_100_accent: 0.5972312279481972
NEG_at_1_accent: 0.5957353740571336
NEG_at_5_accent: 0.5972312279481972
NEG_at_10_accent: 0.5972312279481972
NEG_at_20_accent: 0.5972312279481972
NEG_at_50_accent: 0.5972312279481972
NEG_at_100_accent: 0.5972312279481972
