this experiment is for Neucheckpoints/ConsistencyExp/ML1M/VAE/VAE_ML1M_perf2_epoch10_hr0.1151.pt and VAE
users_DEL_lxr: 0.0011080931196979788
users_INS_lxr: 0.0013796015518309772
NDCG_lxr: 0.08776595694213697
POS_at_1_lxr: 0.0003094059405940594
POS_at_5_lxr: 0.1561984227718814
POS_at_10_lxr: 0.20215393689003663
POS_at_20_lxr: 0.21616649342519326
POS_at_50_lxr: 0.21616649342519326
POS_at_100_lxr: 0.21616649342519326
NEG_at_1_lxr: 0.0003808073115003808
NEG_at_5_lxr: 0.20365845690725576
NEG_at_10_lxr: 0.21346622339819055
NEG_at_20_lxr: 0.21616649342519326
NEG_at_50_lxr: 0.21616649342519326
NEG_at_100_lxr: 0.21616649342519326
users_DEL_jaccard: 0.0010178216402706892
users_INS_jaccard: 0.001731961544018908
NDCG_jaccard: 0.09137099954752245
POS_at_1_jaccard: 0.001547029702970297
POS_at_5_jaccard: 0.17141494961679546
POS_at_10_jaccard: 0.20965098489493517
POS_at_20_jaccard: 0.2156714439202428
POS_at_50_jaccard: 0.21616649342519326
POS_at_100_jaccard: 0.21616649342519326
NEG_at_1_jaccard: 0.0009450945094509451
NEG_at_5_jaccard: 0.18451420344812547
NEG_at_10_jaccard: 0.21418629540539125
NEG_at_20_jaccard: 0.21616649342519326
NEG_at_50_jaccard: 0.21616649342519326
NEG_at_100_jaccard: 0.21616649342519326
users_DEL_cosine: 0.0010210523778511572
users_INS_cosine: 0.0017185158096115075
NDCG_cosine: 0.09054744725753257
POS_at_1_cosine: 0.0006188118811881188
POS_at_5_cosine: 0.17175673289831178
POS_at_10_cosine: 0.20866088588503423
POS_at_20_cosine: 0.2156714439202428
POS_at_50_cosine: 0.21616649342519326
POS_at_100_cosine: 0.21616649342519326
NEG_at_1_cosine: 0.0004950495049504951
NEG_at_5_cosine: 0.1860284499571855
NEG_at_10_cosine: 0.21418629540539125
NEG_at_20_cosine: 0.21616649342519326
NEG_at_50_cosine: 0.21616649342519326
NEG_at_100_cosine: 0.21616649342519326
users_DEL_lime: 0.0011615356340049412
users_INS_lime: 0.001225604326964553
NDCG_lime: 0.08861519280307349
POS_at_1_lime: 0.0
POS_at_5_lime: 0.16901429010150368
POS_at_10_lime: 0.20223466545978802
POS_at_20_lime: 0.21616649342519326
POS_at_50_lime: 0.21616649342519326
POS_at_100_lime: 0.21616649342519326
NEG_at_1_lime: 0.0
NEG_at_5_lime: 0.19919333433102415
NEG_at_10_lime: 0.21616649342519326
NEG_at_20_lime: 0.21616649342519326
NEG_at_50_lime: 0.21616649342519326
NEG_at_100_lime: 0.21616649342519326
users_DEL_shap: 0.0011592691054071365
users_INS_shap: 0.0012097753331634976
NDCG_shap: 0.09638103012600907
POS_at_1_shap: 0.0033140814081408145
POS_at_5_shap: 0.18361331539859288
POS_at_10_shap: 0.21369124590044078
POS_at_20_shap: 0.21616649342519326
POS_at_50_shap: 0.21616649342519326
POS_at_100_shap: 0.21616649342519326
NEG_at_1_shap: 0.0019314431443144314
NEG_at_5_shap: 0.17857879687783482
NEG_at_10_shap: 0.20826465060933275
NEG_at_20_shap: 0.21418629540539125
NEG_at_50_shap: 0.21616649342519326
NEG_at_100_shap: 0.21616649342519326
users_DEL_accent: 0.0009938324843449097
users_INS_accent: 0.0017029734092056596
NDCG_accent: 0.09496506887225097
POS_at_1_accent: 0.002165841584158416
POS_at_5_accent: 0.1789138184595179
POS_at_10_accent: 0.2097114783584692
POS_at_20_accent: 0.2131961963954903
POS_at_50_accent: 0.21616649342519326
POS_at_100_accent: 0.21616649342519326
NEG_at_1_accent: 0.0014851485148514852
NEG_at_5_accent: 0.18215309987564599
NEG_at_10_accent: 0.2137362504008908
NEG_at_20_accent: 0.21616649342519326
NEG_at_50_accent: 0.21616649342519326
NEG_at_100_accent: 0.21616649342519326
