this experiment is for Neucheckpoints/ConsistencyExp/Pinterest/VAE/VAE_Pinterest_perf4_epoch6_hr0.0846.pt and VAE
users_DEL_lxr: 0.0023245327997128166
users_INS_lxr: 0.0014615479535652189
NDCG_lxr: 0.21925122353504167
POS_at_1_lxr: 0.033608413147253914
POS_at_5_lxr: 0.32702858761398895
POS_at_10_lxr: 0.359776369187325
POS_at_20_lxr: 0.3757042855488396
POS_at_50_lxr: 0.3833684065884122
POS_at_100_lxr: 0.38701870479757977
NEG_at_1_lxr: 0.0598737828309249
NEG_at_5_lxr: 0.37024269886941946
NEG_at_10_lxr: 0.3822485196940854
NEG_at_20_lxr: 0.38742332021736203
NEG_at_50_lxr: 0.39000526208501823
NEG_at_100_lxr: 0.39000526208501823
users_DEL_jaccard: 0.0021888800638031375
users_INS_jaccard: 0.0017283733955986967
NDCG_jaccard: 0.20368027918822576
POS_at_1_jaccard: 0.021635419513547728
POS_at_5_jaccard: 0.30155083932164195
POS_at_10_jaccard: 0.3395486446209792
POS_at_20_jaccard: 0.3607008331654599
POS_at_50_jaccard: 0.3740782966536274
POS_at_100_jaccard: 0.38101054683758506
NEG_at_1_jaccard: 0.06815154148411777
NEG_at_5_jaccard: 0.3748248653823981
NEG_at_10_jaccard: 0.38576687286825784
NEG_at_20_jaccard: 0.3885988828222183
NEG_at_50_jaccard: 0.3891963642083751
NEG_at_100_jaccard: 0.3896730361713969
users_DEL_cosine: 0.0021907655410944565
users_INS_cosine: 0.0017263172390270848
NDCG_cosine: 0.20269734930800887
POS_at_1_cosine: 0.02085420971405958
POS_at_5_cosine: 0.29892365295085643
POS_at_10_cosine: 0.33790024724114903
POS_at_20_cosine: 0.3597067237883742
POS_at_50_cosine: 0.3738841830717995
POS_at_100_cosine: 0.3809434470225187
NEG_at_1_cosine: 0.07019210633027384
NEG_at_5_cosine: 0.3739557146791815
NEG_at_10_cosine: 0.3861078415690797
NEG_at_20_cosine: 0.3884406800062081
NEG_at_50_cosine: 0.3891963642083751
NEG_at_100_cosine: 0.3896730361713969
users_DEL_lime: 0.0023200703413904762
users_INS_lime: 0.00151321329910378
NDCG_lime: 0.21638113564993844
POS_at_1_lime: 0.028629987157399762
POS_at_5_lime: 0.327825226990663
POS_at_10_lime: 0.3577480326006096
POS_at_20_lime: 0.37057263188286627
POS_at_50_lime: 0.37922806050847874
POS_at_100_lime: 0.38329889843794585
NEG_at_1_lime: 0.0713932563916225
NEG_at_5_lime: 0.3761652933176923
NEG_at_10_lime: 0.386526176661434
NEG_at_20_lime: 0.3894175386235406
NEG_at_50_lime: 0.3898470592690081
NEG_at_100_lime: 0.39000526208501823
users_DEL_shap: 0.002561216298838458
users_INS_shap: 0.0010763176304190815
NDCG_shap: 0.23358308708801315
POS_at_1_shap: 0.04480333986005637
POS_at_5_shap: 0.35147576871227443
POS_at_10_shap: 0.3734307753542821
POS_at_20_shap: 0.38267578218492126
POS_at_50_shap: 0.386880558262773
POS_at_100_shap: 0.3877369142690678
NEG_at_1_shap: 0.04726341076817529
NEG_at_5_shap: 0.3550460894256368
NEG_at_10_shap: 0.3751830609308982
NEG_at_20_shap: 0.38275146539570143
NEG_at_50_shap: 0.3874638352114642
NEG_at_100_shap: 0.38814577261310784
users_DEL_accent: 0.002027042777757892
users_INS_accent: 0.00199230532637849
NDCG_accent: 0.2025462666567095
POS_at_1_accent: 0.035169364349731856
POS_at_5_accent: 0.28496249240043786
POS_at_10_accent: 0.31821787859301787
POS_at_20_accent: 0.3433499774033023
POS_at_50_accent: 0.36315050373018404
POS_at_100_accent: 0.3734274308736095
NEG_at_1_accent: 0.06709610058838397
NEG_at_5_accent: 0.3562784232978592
NEG_at_10_accent: 0.377611408203097
NEG_at_20_accent: 0.38463354343885375
NEG_at_50_accent: 0.3888683354661454
NEG_at_100_accent: 0.38979762088900494
