this experiment is for Neucheckpoints/ConsistencyExp/Yahoo/VAE/VAE_Yahoo_perf4_epoch9_hr0.3500.pt and VAE
users_DEL_lxr: 0.008464814598987111
users_INS_lxr: 0.012673012284571735
NDCG_lxr: 0.2089028103771789
POS_at_1_lxr: 0.007142641124677052
POS_at_5_lxr: 0.28039441806702575
POS_at_10_lxr: 0.3981818545673885
POS_at_20_lxr: 0.4852200126298437
POS_at_50_lxr: 0.5541501757853088
POS_at_100_lxr: 0.5795813905378807
NEG_at_1_lxr: 0.03622238506827514
NEG_at_5_lxr: 0.4451119906042592
NEG_at_10_lxr: 0.5182353906739168
NEG_at_20_lxr: 0.546376768036851
NEG_at_50_lxr: 0.5749559372597328
NEG_at_100_lxr: 0.5867664432319154
users_DEL_jaccard: 0.007933252182238806
users_INS_jaccard: 0.01413935707366985
NDCG_jaccard: 0.20152088438205526
POS_at_1_jaccard: 0.004130289759032274
POS_at_5_jaccard: 0.25653037288812824
POS_at_10_jaccard: 0.3892564594154516
POS_at_20_jaccard: 0.476685520203805
POS_at_50_jaccard: 0.5483692147818977
POS_at_100_jaccard: 0.5759502883289342
NEG_at_1_jaccard: 0.03386323362169109
NEG_at_5_jaccard: 0.45423941925588224
NEG_at_10_jaccard: 0.5217860988741495
NEG_at_20_jaccard: 0.5501860326245587
NEG_at_50_jaccard: 0.5773733247070604
NEG_at_100_jaccard: 0.5872100005617004
users_DEL_cosine: 0.007886124217521271
users_INS_cosine: 0.014238309181154325
NDCG_cosine: 0.19993187373572016
POS_at_1_cosine: 0.004376910514635066
POS_at_5_cosine: 0.2499265316632988
POS_at_10_cosine: 0.384291917609809
POS_at_20_cosine: 0.4732919198430248
POS_at_50_cosine: 0.5474429378628696
POS_at_100_cosine: 0.5755084369888792
NEG_at_1_cosine: 0.035578228048982995
NEG_at_5_cosine: 0.45997136510862285
NEG_at_10_cosine: 0.5234077519928085
NEG_at_20_cosine: 0.5502886052570716
NEG_at_50_cosine: 0.5773733247070604
NEG_at_100_cosine: 0.5872100005617004
users_DEL_lime: 0.009485280582724126
users_INS_lime: 0.010743546393603094
NDCG_lime: 0.22544940204580116
POS_at_1_lime: 0.011645095047854747
POS_at_5_lime: 0.3327236558530277
POS_at_10_lime: 0.45317009401752156
POS_at_20_lime: 0.5125324062696801
POS_at_50_lime: 0.5628433652340922
POS_at_100_lime: 0.581201562891586
NEG_at_1_lime: 0.017551852859353696
NEG_at_5_lime: 0.4224116974210825
NEG_at_10_lime: 0.5010746760281721
NEG_at_20_lime: 0.5379111069514293
NEG_at_50_lime: 0.5737534360572315
NEG_at_100_lime: 0.5869604995636963
users_DEL_shap: 0.009356337665431114
users_INS_shap: 0.010082903670706087
NDCG_shap: 0.23094785179589788
POS_at_1_shap: 0.014189108741689688
POS_at_5_shap: 0.348792931584754
POS_at_10_shap: 0.45341543541503754
POS_at_20_shap: 0.5141930699021602
POS_at_50_shap: 0.5654752233628514
POS_at_100_shap: 0.5827771274911027
NEG_at_1_shap: 0.019067804232026454
NEG_at_5_shap: 0.36842500913046256
NEG_at_10_shap: 0.47135256097873707
NEG_at_20_shap: 0.5253810122521436
NEG_at_50_shap: 0.5666793890131248
NEG_at_100_shap: 0.5842919826736226
users_DEL_accent: 0.008172560047241371
users_INS_accent: 0.01245881327569184
NDCG_accent: 0.21797380996401294
POS_at_1_accent: 0.013638798534616739
POS_at_5_accent: 0.2954232861831181
POS_at_10_accent: 0.4047783784691901
POS_at_20_accent: 0.4838883743203919
POS_at_50_accent: 0.552634237101075
POS_at_100_accent: 0.5783873057360115
NEG_at_1_accent: 0.021822709626256858
NEG_at_5_accent: 0.3982661492463247
NEG_at_10_accent: 0.49805468919505513
NEG_at_20_accent: 0.5398676673440589
NEG_at_50_accent: 0.5747675472509836
NEG_at_100_accent: 0.5869248565639814
