this experiment is for Neucheckpoints/ConsistencyExp/ML1M/VAE/VAE_ML1M_perf3_epoch13_hr0.1267.pt and VAE
users_DEL_lxr: 0.0010940591031332499
users_INS_lxr: 0.0014158708158737389
NDCG_lxr: 0.09110505654195597
POS_at_1_lxr: 0.0
POS_at_5_lxr: 0.16913423148001883
POS_at_10_lxr: 0.20683899554935525
POS_at_20_lxr: 0.21475206626819185
POS_at_50_lxr: 0.21616649342519326
POS_at_100_lxr: 0.21616649342519326
NEG_at_1_lxr: 0.002629012901290129
NEG_at_5_lxr: 0.1954322914238962
NEG_at_10_lxr: 0.21333763911119044
NEG_at_20_lxr: 0.21475206626819185
NEG_at_50_lxr: 0.21616649342519326
NEG_at_100_lxr: 0.21616649342519326
users_DEL_jaccard: 0.0010013395511849835
users_INS_jaccard: 0.0017665797460762874
NDCG_jaccard: 0.09037933107036294
POS_at_1_jaccard: 0.0
POS_at_5_jaccard: 0.1548782141780439
POS_at_10_jaccard: 0.20958368002780253
POS_at_20_jaccard: 0.21475206626819185
POS_at_50_jaccard: 0.21616649342519326
POS_at_100_jaccard: 0.21616649342519326
NEG_at_1_jaccard: 0.0033343782061704347
NEG_at_5_jaccard: 0.18817535730064797
NEG_at_10_jaccard: 0.21002795330390003
NEG_at_20_jaccard: 0.21475206626819185
NEG_at_50_jaccard: 0.21616649342519326
NEG_at_100_jaccard: 0.21616649342519326
users_DEL_cosine: 0.0009996827144446428
users_INS_cosine: 0.0017711479090958735
NDCG_cosine: 0.08997008873289351
POS_at_1_cosine: 0.00019801980198019803
POS_at_5_cosine: 0.1516477335630928
POS_at_10_cosine: 0.20818380262587471
POS_at_20_cosine: 0.21475206626819185
POS_at_50_cosine: 0.21616649342519326
POS_at_100_cosine: 0.21616649342519326
NEG_at_1_cosine: 0.003978560271435785
NEG_at_5_cosine: 0.19071150073144394
NEG_at_10_cosine: 0.21139244459173848
NEG_at_20_cosine: 0.21475206626819185
NEG_at_50_cosine: 0.21616649342519326
NEG_at_100_cosine: 0.21616649342519326
users_DEL_lime: 0.001134277351237523
users_INS_lime: 0.0012590596696971344
NDCG_lime: 0.08995693048258326
POS_at_1_lime: 0.0
POS_at_5_lime: 0.17089289853405443
POS_at_10_lime: 0.20234786165335697
POS_at_20_lime: 0.21185249059633895
POS_at_50_lime: 0.21616649342519326
POS_at_100_lime: 0.21616649342519326
NEG_at_1_lime: 0.0034346166814823898
NEG_at_5_lime: 0.20494582248591886
NEG_at_10_lime: 0.21475206626819185
NEG_at_20_lime: 0.21475206626819185
NEG_at_50_lime: 0.21616649342519326
NEG_at_100_lime: 0.21616649342519326
users_DEL_shap: 0.0011406304587062606
users_INS_shap: 0.0012144528970310816
NDCG_shap: 0.09488726024878143
POS_at_1_shap: 0.0007108403148007108
POS_at_5_shap: 0.1782702735755875
POS_at_10_shap: 0.21259651236693705
POS_at_20_shap: 0.21475206626819185
POS_at_50_shap: 0.21616649342519326
POS_at_100_shap: 0.21616649342519326
NEG_at_1_shap: 0.001968946894689469
NEG_at_5_shap: 0.18326854610266616
NEG_at_10_shap: 0.20854280478904855
NEG_at_20_shap: 0.21425701676324135
NEG_at_50_shap: 0.21616649342519326
NEG_at_100_shap: 0.21616649342519326
users_DEL_accent: 0.0009774949875677376
users_INS_accent: 0.0017558630935185441
NDCG_accent: 0.0957728007373102
POS_at_1_accent: 0.00039603960396039607
POS_at_5_accent: 0.18087557057881892
POS_at_10_accent: 0.2143215884378001
POS_at_20_accent: 0.21475206626819185
POS_at_50_accent: 0.21616649342519326
POS_at_100_accent: 0.21616649342519326
NEG_at_1_accent: 0.003246758824763268
NEG_at_5_accent: 0.18789023225878507
NEG_at_10_accent: 0.21252320282885248
NEG_at_20_accent: 0.21475206626819185
NEG_at_50_accent: 0.21616649342519326
NEG_at_100_accent: 0.21616649342519326
