this experiment is for Neucheckpoints/ConsistencyExp/Pinterest/VAE/VAE_Pinterest_perf1_epoch2_hr0.0298.pt and VAE
users_DEL_lxr: 0.0008794003368716471
users_INS_lxr: 0.00042797858880990884
NDCG_lxr: 0.19510287412678404
POS_at_1_lxr: 0.002128232713758276
POS_at_5_lxr: 0.3820514372974508
POS_at_10_lxr: 0.38745847813566314
POS_at_20_lxr: 0.3884104776504244
POS_at_50_lxr: 0.3890164944849549
POS_at_100_lxr: 0.3890164944849549
NEG_at_1_lxr: 0.004236054406675076
NEG_at_5_lxr: 0.38309222555096245
NEG_at_10_lxr: 0.38795268997611215
NEG_at_20_lxr: 0.38884625449816135
NEG_at_50_lxr: 0.3898470592690081
NEG_at_100_lxr: 0.3898470592690081
users_DEL_jaccard: 0.000845683366828222
users_INS_jaccard: 0.0004941176234333978
NDCG_jaccard: 0.19322730357593684
POS_at_1_jaccard: 0.0026203826507163208
POS_at_5_jaccard: 0.37534649680499654
POS_at_10_jaccard: 0.3844802147109617
POS_at_20_jaccard: 0.38678947989111706
POS_at_50_jaccard: 0.3878498850986181
POS_at_100_jaccard: 0.38813055871529817
NEG_at_1_jaccard: 0.007347764556826319
NEG_at_5_jaccard: 0.3843007364346218
NEG_at_10_jaccard: 0.3891319825406423
NEG_at_20_jaccard: 0.3897141689035596
NEG_at_50_jaccard: 0.39000526208501823
NEG_at_100_jaccard: 0.39000526208501823
users_DEL_cosine: 0.0008494222844185439
users_INS_cosine: 0.00048703986388249124
NDCG_cosine: 0.19292516769231277
POS_at_1_cosine: 0.002475936601315772
POS_at_5_cosine: 0.3758286694088518
POS_at_10_cosine: 0.38447504424541307
POS_at_20_cosine: 0.38706633481913477
POS_at_50_cosine: 0.38828085139050783
POS_at_100_cosine: 0.3884469643473184
NEG_at_1_cosine: 0.007347764556826319
NEG_at_5_cosine: 0.3846417051354436
NEG_at_10_cosine: 0.3892648729060908
NEG_at_20_cosine: 0.3898470592690081
NEG_at_50_cosine: 0.39000526208501823
NEG_at_100_cosine: 0.39000526208501823
users_DEL_lime: 0.0008630844915971758
users_INS_lime: 0.0004578774841263399
NDCG_lime: 0.19261452374541044
POS_at_1_lime: 0.0009119028525604308
POS_at_5_lime: 0.3759621887668517
POS_at_10_lime: 0.382029088804786
POS_at_20_lime: 0.38352616893107305
POS_at_50_lime: 0.3839216759710984
POS_at_100_lime: 0.38431718301112366
NEG_at_1_lime: 0.0036548968666727352
NEG_at_5_lime: 0.387332247624978
NEG_at_10_lime: 0.39000526208501823
NEG_at_20_lime: 0.39000526208501823
NEG_at_50_lime: 0.39000526208501823
NEG_at_100_lime: 0.39000526208501823
users_DEL_shap: 0.0008877353747917115
users_INS_shap: 0.00042215923449877296
NDCG_shap: 0.19572103792454612
POS_at_1_shap: 0.003939292812065728
POS_at_5_shap: 0.3780635727712998
POS_at_10_shap: 0.3883199557542771
POS_at_20_shap: 0.3890601366410956
POS_at_50_shap: 0.3896493057489954
POS_at_100_shap: 0.3898866099730106
NEG_at_1_shap: 0.006432176781935458
NEG_at_5_shap: 0.3775486017074817
NEG_at_10_shap: 0.38783351885881884
NEG_at_20_shap: 0.38905288113263725
NEG_at_50_shap: 0.3897537196075621
NEG_at_100_shap: 0.39000526208501823
users_DEL_accent: 0.0007794217433212203
users_INS_accent: 0.0006035443401151325
NDCG_accent: 0.1931932584358673
POS_at_1_accent: 0.0032263753354370836
POS_at_5_accent: 0.3684207350412615
POS_at_10_accent: 0.38041737405983717
POS_at_20_accent: 0.38243305151256357
POS_at_50_accent: 0.3842067138033925
POS_at_100_accent: 0.3845544872351389
NEG_at_1_accent: 0.006573752641931178
NEG_at_5_accent: 0.3814788938402031
NEG_at_10_accent: 0.38788294116070027
NEG_at_20_accent: 0.389502177130106
NEG_at_50_accent: 0.3898723717195697
NEG_at_100_accent: 0.39000526208501823
