this experiment is for Neucheckpoints/ConsistencyExp/ML1M/VAE/VAE_ML1M_perf3_epoch13_hr0.1267.pt and VAE
users_DEL_lxr: 0.001217278445101873
users_INS_lxr: 0.0015473389057545739
NDCG_lxr: 0.12212571556935779
POS_at_1_lxr: 0.0020501315554539603
POS_at_5_lxr: 0.20103259599714815
POS_at_10_lxr: 0.21361308018913283
POS_at_20_lxr: 0.21616649342519326
POS_at_50_lxr: 0.21616649342519326
POS_at_100_lxr: 0.21616649342519326
NEG_at_1_lxr: 0.023214900044354104
NEG_at_5_lxr: 0.21436631340719148
NEG_at_10_lxr: 0.21616649342519326
NEG_at_20_lxr: 0.21616649342519326
NEG_at_50_lxr: 0.21616649342519326
NEG_at_100_lxr: 0.21616649342519326
users_DEL_jaccard: 0.0011113436928505687
users_INS_jaccard: 0.0019342829202753757
NDCG_jaccard: 0.12161811815548333
POS_at_1_jaccard: 0.0030171291776449963
POS_at_5_jaccard: 0.20093321352401808
POS_at_10_jaccard: 0.2156714439202428
POS_at_20_jaccard: 0.21616649342519326
POS_at_50_jaccard: 0.21616649342519326
POS_at_100_jaccard: 0.21616649342519326
NEG_at_1_jaccard: 0.014377566882252748
NEG_at_5_jaccard: 0.21092744010809683
NEG_at_10_jaccard: 0.21616649342519326
NEG_at_20_jaccard: 0.21616649342519326
NEG_at_50_jaccard: 0.21616649342519326
NEG_at_100_jaccard: 0.21616649342519326
users_DEL_cosine: 0.001111456759240697
users_INS_cosine: 0.0019278925680506196
NDCG_cosine: 0.12079985610732386
POS_at_1_cosine: 0.0028549536194298337
POS_at_5_cosine: 0.19886545532532188
POS_at_10_cosine: 0.21401042255494834
POS_at_20_cosine: 0.21616649342519326
POS_at_50_cosine: 0.21616649342519326
POS_at_100_cosine: 0.21616649342519326
NEG_at_1_cosine: 0.01638711016030532
NEG_at_5_cosine: 0.21229610638648938
NEG_at_10_cosine: 0.21616649342519326
NEG_at_20_cosine: 0.21616649342519326
NEG_at_50_cosine: 0.21616649342519326
NEG_at_100_cosine: 0.21616649342519326
users_DEL_lime: 0.0012978688140980112
users_INS_lime: 0.0013013085248517748
NDCG_lime: 0.1256288552861215
POS_at_1_lime: 0.0029957851201021387
POS_at_5_lime: 0.20322851232058126
POS_at_10_lime: 0.21492886966281702
POS_at_20_lime: 0.21616649342519326
POS_at_50_lime: 0.21616649342519326
POS_at_100_lime: 0.21616649342519326
NEG_at_1_lime: 0.017212879368517345
NEG_at_5_lime: 0.21517639441529227
NEG_at_10_lime: 0.21616649342519326
NEG_at_20_lime: 0.21616649342519326
NEG_at_50_lime: 0.21616649342519326
NEG_at_100_lime: 0.21616649342519326
users_DEL_shap: 0.0012745609008950206
users_INS_shap: 0.0013347904481569037
NDCG_shap: 0.129275935173061
POS_at_1_shap: 0.014245923925023794
POS_at_5_shap: 0.20309697879952907
POS_at_10_shap: 0.21616649342519326
POS_at_20_shap: 0.21616649342519326
POS_at_50_shap: 0.21616649342519326
POS_at_100_shap: 0.21616649342519326
NEG_at_1_shap: 0.009635479758365317
NEG_at_5_shap: 0.20786470736423424
NEG_at_10_shap: 0.21257738451430216
NEG_at_20_shap: 0.21616649342519326
NEG_at_50_shap: 0.21616649342519326
NEG_at_100_shap: 0.21616649342519326
users_DEL_accent: 0.001081280353618379
users_INS_accent: 0.0019512715427634309
NDCG_accent: 0.12919646201006346
POS_at_1_accent: 0.008242183186000387
POS_at_5_accent: 0.2088013884936475
POS_at_10_accent: 0.21616649342519326
POS_at_20_accent: 0.21616649342519326
POS_at_50_accent: 0.21616649342519326
POS_at_100_accent: 0.21616649342519326
NEG_at_1_accent: 0.015126071378536846
NEG_at_5_accent: 0.2135165225457524
NEG_at_10_accent: 0.21616649342519326
NEG_at_20_accent: 0.21616649342519326
NEG_at_50_accent: 0.21616649342519326
NEG_at_100_accent: 0.21616649342519326
