this experiment is for Neucheckpoints/ConsistencyExp/Pinterest/VAE/VAE_Pinterest_perf3_epoch4_hr0.0671.pt and VAE
users_DEL_lxr: 0.0018034997043020443
users_INS_lxr: 0.0010027790320736114
NDCG_lxr: 0.18572081171592672
POS_at_1_lxr: 0.012058107824223062
POS_at_5_lxr: 0.3255032026912373
POS_at_10_lxr: 0.36450861212276475
POS_at_20_lxr: 0.3803096726467046
POS_at_50_lxr: 0.3876464283422916
POS_at_100_lxr: 0.3890632362260488
NEG_at_1_lxr: 0.013570735288144014
NEG_at_5_lxr: 0.3604074409936265
NEG_at_10_lxr: 0.38137254147988675
NEG_at_20_lxr: 0.3870875845912898
NEG_at_50_lxr: 0.38922071993834984
NEG_at_100_lxr: 0.38984705926900803
users_DEL_jaccard: 0.001709954668376043
users_INS_jaccard: 0.0011900975830197108
NDCG_jaccard: 0.17616196157477698
POS_at_1_jaccard: 0.007254015898931398
POS_at_5_jaccard: 0.3023920072571247
POS_at_10_jaccard: 0.34620627647626956
POS_at_20_jaccard: 0.36823433758284896
POS_at_50_jaccard: 0.37993945276263463
POS_at_100_jaccard: 0.3845718664732068
NEG_at_1_jaccard: 0.019682945416012673
NEG_at_5_jaccard: 0.3562283638616168
NEG_at_10_jaccard: 0.3796111779463698
NEG_at_20_jaccard: 0.38575930429785144
NEG_at_50_jaccard: 0.38813434182611584
NEG_at_100_jaccard: 0.38889784237294733
users_DEL_cosine: 0.001709611029254055
users_INS_cosine: 0.0011877165617377907
NDCG_cosine: 0.1753575077768394
POS_at_1_cosine: 0.007055379479364747
POS_at_5_cosine: 0.2990895558268444
POS_at_10_cosine: 0.34424004231181354
POS_at_20_cosine: 0.36630309546358353
POS_at_50_cosine: 0.3799266925082068
POS_at_100_cosine: 0.3847102939372157
NEG_at_1_cosine: 0.01930269119096573
NEG_at_5_cosine: 0.35590463889088186
NEG_at_10_cosine: 0.3795567957283663
NEG_at_20_cosine: 0.38593416004186265
NEG_at_50_cosine: 0.38813434182611584
NEG_at_100_cosine: 0.38889784237294733
users_DEL_lime: 0.001773246366520789
users_INS_lime: 0.0010846616095787388
NDCG_lime: 0.18386793053199862
POS_at_1_lime: 0.011126018831037365
POS_at_5_lime: 0.32183085746802453
POS_at_10_lime: 0.36522772168626216
POS_at_20_lime: 0.37689752764597617
POS_at_50_lime: 0.3826265225842666
POS_at_100_lime: 0.3857867039252247
NEG_at_1_lime: 0.015448486170937952
NEG_at_5_lime: 0.37118269039682167
NEG_at_10_lime: 0.3852424037290643
NEG_at_20_lime: 0.38815979184434357
NEG_at_50_lime: 0.3894137211208064
NEG_at_100_lime: 0.39000526208501823
users_DEL_shap: 0.0019653699787126016
users_INS_shap: 0.0007933572525907956
NDCG_shap: 0.19412514372229897
POS_at_1_shap: 0.015992520308063217
POS_at_5_shap: 0.345618220827153
POS_at_10_shap: 0.37452173599562183
POS_at_20_shap: 0.3835335306879616
POS_at_50_shap: 0.3876179815914254
POS_at_100_shap: 0.3886803135009334
NEG_at_1_shap: 0.014004904412564696
NEG_at_5_shap: 0.3454722042575917
NEG_at_10_shap: 0.3734625474582985
NEG_at_20_shap: 0.38208012055842805
NEG_at_50_shap: 0.38764840520988886
NEG_at_100_shap: 0.38883851631694355
users_DEL_accent: 0.0015790024355112546
users_INS_accent: 0.0013931643941325108
NDCG_accent: 0.17532389332552714
POS_at_1_accent: 0.017163474088402766
POS_at_5_accent: 0.277630078754607
POS_at_10_accent: 0.321869083225665
POS_at_20_accent: 0.3493221962584617
POS_at_50_accent: 0.3692558165546629
POS_at_100_accent: 0.3789621151085741
NEG_at_1_accent: 0.015849886936840196
NEG_at_5_accent: 0.3439458104179342
NEG_at_10_accent: 0.3714046686571328
NEG_at_20_accent: 0.38361932499526774
NEG_at_50_accent: 0.38816185535933495
NEG_at_100_accent: 0.3887671530901563
