this experiment is for Neucheckpoints/ConsistencyExp/ML1M/VAE/VAE_ML1M_perf3_epoch13_hr0.1267.pt and VAE
users_DEL_lxr: 0.0014296034626353881
users_INS_lxr: 0.0018584216077947885
NDCG_lxr: 0.20435993403196176
POS_at_1_lxr: 0.18680164168895663
POS_at_5_lxr: 0.21616649342519326
POS_at_10_lxr: 0.21616649342519326
POS_at_20_lxr: 0.21616649342519326
POS_at_50_lxr: 0.21616649342519326
POS_at_100_lxr: 0.21616649342519326
NEG_at_1_lxr: 0.20240469420385
NEG_at_5_lxr: 0.21616649342519326
NEG_at_10_lxr: 0.21616649342519326
NEG_at_20_lxr: 0.21616649342519326
NEG_at_50_lxr: 0.21616649342519326
NEG_at_100_lxr: 0.21616649342519326
users_DEL_jaccard: 0.0013137778484369539
users_INS_jaccard: 0.0023501206494913104
NDCG_jaccard: 0.20475221260726154
POS_at_1_jaccard: 0.18953251833402576
POS_at_5_jaccard: 0.2149783746133121
POS_at_10_jaccard: 0.2153744142172725
POS_at_20_jaccard: 0.21616649342519326
POS_at_50_jaccard: 0.21616649342519326
POS_at_100_jaccard: 0.21616649342519326
NEG_at_1_jaccard: 0.20250935934724754
NEG_at_5_jaccard: 0.21616649342519326
NEG_at_10_jaccard: 0.21616649342519326
NEG_at_20_jaccard: 0.21616649342519326
NEG_at_50_jaccard: 0.21616649342519326
NEG_at_100_jaccard: 0.21616649342519326
users_DEL_cosine: 0.0013126840624323004
users_INS_cosine: 0.002351535957403236
NDCG_cosine: 0.20433425812376171
POS_at_1_cosine: 0.189343828822584
POS_at_5_cosine: 0.21438431520737147
POS_at_10_cosine: 0.2153744142172725
POS_at_20_cosine: 0.21616649342519326
POS_at_50_cosine: 0.21616649342519326
POS_at_100_cosine: 0.21616649342519326
NEG_at_1_cosine: 0.2029085883711921
NEG_at_5_cosine: 0.21616649342519326
NEG_at_10_cosine: 0.21616649342519326
NEG_at_20_cosine: 0.21616649342519326
NEG_at_50_cosine: 0.21616649342519326
NEG_at_100_cosine: 0.21616649342519326
users_DEL_lime: 0.00151838398051247
users_INS_lime: 0.0015927852262142357
NDCG_lime: 0.2105313942056955
POS_at_1_lime: 0.2025528715849414
POS_at_5_lime: 0.21616649342519326
POS_at_10_lime: 0.21616649342519326
POS_at_20_lime: 0.21616649342519326
POS_at_50_lime: 0.21616649342519326
POS_at_100_lime: 0.21616649342519326
NEG_at_1_lime: 0.20174473258805128
NEG_at_5_lime: 0.21616649342519326
NEG_at_10_lime: 0.21616649342519326
NEG_at_20_lime: 0.21616649342519326
NEG_at_50_lime: 0.21616649342519326
NEG_at_100_lime: 0.21616649342519326
users_DEL_shap: 0.0015208083129125305
users_INS_shap: 0.001570732744734806
NDCG_shap: 0.2038173427070415
POS_at_1_shap: 0.1865983301738048
POS_at_5_shap: 0.21577045382123286
POS_at_10_shap: 0.21616649342519326
POS_at_20_shap: 0.21616649342519326
POS_at_50_shap: 0.21616649342519326
POS_at_100_shap: 0.21616649342519326
NEG_at_1_shap: 0.1898209993295995
NEG_at_5_shap: 0.21457402648619167
NEG_at_10_shap: 0.21616649342519326
NEG_at_20_shap: 0.21616649342519326
NEG_at_50_shap: 0.21616649342519326
NEG_at_100_shap: 0.21616649342519326
users_DEL_accent: 0.0012757939660369966
users_INS_accent: 0.0023689109182506852
NDCG_accent: 0.20959997907456077
POS_at_1_accent: 0.20004320506641465
POS_at_5_accent: 0.21616649342519326
POS_at_10_accent: 0.21616649342519326
POS_at_20_accent: 0.21616649342519326
POS_at_50_accent: 0.21616649342519326
POS_at_100_accent: 0.21616649342519326
NEG_at_1_accent: 0.1941576423928809
NEG_at_5_accent: 0.2154048788021925
NEG_at_10_accent: 0.21616649342519326
NEG_at_20_accent: 0.21616649342519326
NEG_at_50_accent: 0.21616649342519326
NEG_at_100_accent: 0.21616649342519326
