this experiment is for Neucheckpoints/ConsistencyExp/Pinterest/VAE/VAE_Pinterest_perf1_epoch2_hr0.0298.pt and VAE
users_DEL_lxr: 0.0008035228430958965
users_INS_lxr: 0.0004013552714096678
NDCG_lxr: 0.150002948075614
POS_at_1_lxr: 0.0004983388704318936
POS_at_5_lxr: 0.3175254264094169
POS_at_10_lxr: 0.38506574923845255
POS_at_20_lxr: 0.38652313483999534
POS_at_50_lxr: 0.38791698491368454
POS_at_100_lxr: 0.38831249195370987
NEG_at_1_lxr: 0.00039085401602501464
NEG_at_5_lxr: 0.3324838896128636
NEG_at_10_lxr: 0.3880550667215627
NEG_at_20_lxr: 0.3897032385271807
NEG_at_50_lxr: 0.39000526208501823
NEG_at_100_lxr: 0.39000526208501823
users_DEL_jaccard: 0.0007713586820119125
users_INS_jaccard: 0.00046307660353367126
NDCG_jaccard: 0.14741025963849283
POS_at_1_jaccard: 0.0006628794260286312
POS_at_5_jaccard: 0.3010777033353442
POS_at_10_jaccard: 0.3783642788475417
POS_at_20_jaccard: 0.38159590121839143
POS_at_50_jaccard: 0.3848327000338724
POS_at_100_jaccard: 0.38635437255373
NEG_at_1_jaccard: 0.001008258600597862
NEG_at_5_jaccard: 0.3316138018625697
NEG_at_10_jaccard: 0.3898608160356176
NEG_at_20_jaccard: 0.39000526208501823
NEG_at_50_jaccard: 0.39000526208501823
NEG_at_100_jaccard: 0.39000526208501823
users_DEL_cosine: 0.0007741015297301063
users_INS_cosine: 0.00045745199718805223
NDCG_cosine: 0.14753997422980752
POS_at_1_cosine: 0.0006628794260286312
POS_at_5_cosine: 0.29952712762958417
POS_at_10_cosine: 0.37858549002648
POS_at_20_cosine: 0.38228222867639955
POS_at_50_cosine: 0.38472828617530563
POS_at_100_cosine: 0.38611706832971476
NEG_at_1_cosine: 0.001008258600597862
NEG_at_5_cosine: 0.3316138018625697
NEG_at_10_cosine: 0.3898608160356176
NEG_at_20_cosine: 0.39000526208501823
NEG_at_50_cosine: 0.39000526208501823
NEG_at_100_cosine: 0.39000526208501823
users_DEL_lime: 0.000786857822800115
users_INS_lime: 0.0004300524408367715
NDCG_lime: 0.1484924126409806
POS_at_1_lime: 0.000609546144039011
POS_at_5_lime: 0.3075250936493598
POS_at_10_lime: 0.3810416228885456
POS_at_20_lime: 0.38450297590662486
POS_at_50_lime: 0.3856442732736466
POS_at_100_lime: 0.38618360105549926
NEG_at_1_lime: 0.0008544877453788252
NEG_at_5_lime: 0.33995097811495967
NEG_at_10_lime: 0.389767957861003
NEG_at_20_lime: 0.39000526208501823
NEG_at_50_lime: 0.39000526208501823
NEG_at_100_lime: 0.39000526208501823
users_DEL_shap: 0.0008092451846620114
users_INS_shap: 0.0003965208082922799
NDCG_shap: 0.14972466829096104
POS_at_1_shap: 0.0003440911248220218
POS_at_5_shap: 0.3156872738961948
POS_at_10_shap: 0.3837458845401242
POS_at_20_shap: 0.3874323546918203
POS_at_50_shap: 0.38939934529969944
POS_at_100_shap: 0.38989452011381115
NEG_at_1_shap: 0.0004822342373641963
NEG_at_5_shap: 0.32170645942536774
NEG_at_10_shap: 0.38696786181375975
NEG_at_20_shap: 0.3887863812980311
NEG_at_50_shap: 0.3892933494129726
NEG_at_100_shap: 0.3894120015249802
users_DEL_accent: 0.0007163598426111298
users_INS_accent: 0.0005570951906415134
NDCG_accent: 0.14772167237626949
POS_at_1_accent: 0.00141345230955253
POS_at_5_accent: 0.2838842621085803
POS_at_10_accent: 0.3748860031331416
POS_at_20_accent: 0.37941417235228403
POS_at_50_accent: 0.3830416031805759
POS_at_100_accent: 0.38474639412934253
NEG_at_1_accent: 0.0011598296824015019
NEG_at_5_accent: 0.33842245032979956
NEG_at_10_accent: 0.388471695261837
NEG_at_20_accent: 0.3892933494129726
NEG_at_50_accent: 0.3894120015249802
NEG_at_100_accent: 0.3895306536369878
