this experiment is for Neucheckpoints/ConsistencyExp/ML1M/VAE/VAE_ML1M_perf2_epoch10_hr0.1151.pt and VAE
users_DEL_lxr: 0.0012340597608746736
users_INS_lxr: 0.001522075890213956
NDCG_lxr: 0.12471153210781982
POS_at_1_lxr: 0.009635633368034423
POS_at_5_lxr: 0.20090491557567897
POS_at_10_lxr: 0.21554768154400514
POS_at_20_lxr: 0.21616649342519326
POS_at_50_lxr: 0.21616649342519326
POS_at_100_lxr: 0.21616649342519326
NEG_at_1_lxr: 0.024173856242607362
NEG_at_5_lxr: 0.21455918983769165
NEG_at_10_lxr: 0.21616649342519326
NEG_at_20_lxr: 0.21616649342519326
NEG_at_50_lxr: 0.21616649342519326
NEG_at_100_lxr: 0.21616649342519326
users_DEL_jaccard: 0.0011181913412291063
users_INS_jaccard: 0.0019277336511911527
NDCG_jaccard: 0.12445954337873597
POS_at_1_jaccard: 0.011744109084617652
POS_at_5_jaccard: 0.19873673326511784
POS_at_10_jaccard: 0.211527476891961
POS_at_20_jaccard: 0.21616649342519326
POS_at_50_jaccard: 0.21616649342519326
POS_at_100_jaccard: 0.21616649342519326
NEG_at_1_jaccard: 0.01840887837955898
NEG_at_5_jaccard: 0.21304637878215
NEG_at_10_jaccard: 0.21616649342519326
NEG_at_20_jaccard: 0.21616649342519326
NEG_at_50_jaccard: 0.21616649342519326
NEG_at_100_jaccard: 0.21616649342519326
users_DEL_cosine: 0.0011191600371882188
users_INS_cosine: 0.0019227206514175455
NDCG_cosine: 0.12368020945836602
POS_at_1_cosine: 0.011083162509806382
POS_at_5_cosine: 0.19711957154894622
POS_at_10_cosine: 0.21135420956522832
POS_at_20_cosine: 0.21616649342519326
POS_at_50_cosine: 0.21616649342519326
POS_at_100_cosine: 0.21616649342519326
NEG_at_1_cosine: 0.019324774900877736
NEG_at_5_cosine: 0.21206465466988916
NEG_at_10_cosine: 0.21616649342519326
NEG_at_20_cosine: 0.21616649342519326
NEG_at_50_cosine: 0.21616649342519326
NEG_at_100_cosine: 0.21616649342519326
users_DEL_lime: 0.0013209016695400518
users_INS_lime: 0.001294666072134621
NDCG_lime: 0.12531080832722646
POS_at_1_lime: 0.005558768805665788
POS_at_5_lime: 0.20352536089088719
POS_at_10_lime: 0.20967613386292125
POS_at_20_lime: 0.21616649342519326
POS_at_50_lime: 0.21616649342519326
POS_at_100_lime: 0.21616649342519326
NEG_at_1_lime: 0.01872513368601802
NEG_at_5_lime: 0.21138180442997795
NEG_at_10_lime: 0.21526640341619233
NEG_at_20_lime: 0.21616649342519326
NEG_at_50_lime: 0.21616649342519326
NEG_at_100_lime: 0.21616649342519326
users_DEL_shap: 0.001284614010577161
users_INS_shap: 0.0013316719987367324
NDCG_shap: 0.13232044998715448
POS_at_1_shap: 0.0217350152658579
POS_at_5_shap: 0.20065516376983478
POS_at_10_shap: 0.21378125490134087
POS_at_20_shap: 0.21616649342519326
POS_at_50_shap: 0.21616649342519326
POS_at_100_shap: 0.21616649342519326
NEG_at_1_shap: 0.019532474211444502
NEG_at_5_shap: 0.2060802994958273
NEG_at_10_shap: 0.21537087814937994
NEG_at_20_shap: 0.21616649342519326
NEG_at_50_shap: 0.21616649342519326
NEG_at_100_shap: 0.21616649342519326
users_DEL_accent: 0.0010948158025812357
users_INS_accent: 0.001928932744438792
NDCG_accent: 0.12689179867739064
POS_at_1_accent: 0.011931212223927358
POS_at_5_accent: 0.2021283145328254
POS_at_10_accent: 0.2140287796538161
POS_at_20_accent: 0.21616649342519326
POS_at_50_accent: 0.21616649342519326
POS_at_100_accent: 0.21616649342519326
NEG_at_1_accent: 0.015744795573924344
NEG_at_5_accent: 0.2156714439202428
NEG_at_10_accent: 0.21616649342519326
NEG_at_20_accent: 0.21616649342519326
NEG_at_50_accent: 0.21616649342519326
NEG_at_100_accent: 0.21616649342519326
