this experiment is for Neucheckpoints/ConsistencyExp/Yahoo/VAE/VAE_Yahoo_perf1_epoch1_hr0.0971.pt and VAE
users_DEL_lxr: 0.0012391108280437396
users_INS_lxr: 0.0009812195272069105
NDCG_lxr: 0.2342619148258761
POS_at_1_lxr: 0.0
POS_at_5_lxr: 0.5055763280353117
POS_at_10_lxr: 0.5972312279481972
POS_at_20_lxr: 0.5972312279481972
POS_at_50_lxr: 0.5972312279481972
POS_at_100_lxr: 0.5972312279481972
NEG_at_1_lxr: 0.00018145527127563056
NEG_at_5_lxr: 0.5294874247909306
NEG_at_10_lxr: 0.5972312279481972
NEG_at_20_lxr: 0.5972312279481972
NEG_at_50_lxr: 0.5972312279481972
NEG_at_100_lxr: 0.5972312279481972
users_DEL_jaccard: 0.0011815444219954807
users_INS_jaccard: 0.0010610403974774477
NDCG_jaccard: 0.23497468765213875
POS_at_1_jaccard: 0.00018145527127563056
POS_at_5_jaccard: 0.496740744278663
POS_at_10_jaccard: 0.5972312279481972
POS_at_20_jaccard: 0.5972312279481972
POS_at_50_jaccard: 0.5972312279481972
POS_at_100_jaccard: 0.5972312279481972
NEG_at_1_jaccard: 0.0
NEG_at_5_jaccard: 0.5275518182624352
NEG_at_10_jaccard: 0.5972312279481972
NEG_at_20_jaccard: 0.5972312279481972
NEG_at_50_jaccard: 0.5972312279481972
NEG_at_100_jaccard: 0.5972312279481972
users_DEL_cosine: 0.0011844658987023382
users_INS_cosine: 0.0010571746773174356
NDCG_cosine: 0.2349305821033753
POS_at_1_cosine: 0.00018145527127563056
POS_at_5_cosine: 0.49738464571995555
POS_at_10_cosine: 0.5972312279481972
POS_at_20_cosine: 0.5972312279481972
POS_at_50_cosine: 0.5972312279481972
POS_at_100_cosine: 0.5972312279481972
NEG_at_1_cosine: 0.0
NEG_at_5_cosine: 0.5289186289380577
NEG_at_10_cosine: 0.5972312279481972
NEG_at_20_cosine: 0.5972312279481972
NEG_at_50_cosine: 0.5972312279481972
NEG_at_100_cosine: 0.5972312279481972
users_DEL_lime: 0.0011934968029017757
users_INS_lime: 0.0010418858966433852
NDCG_lime: 0.23500113605964232
POS_at_1_lime: 0.0
POS_at_5_lime: 0.5028089893164622
POS_at_10_lime: 0.5972312279481972
POS_at_20_lime: 0.5972312279481972
POS_at_50_lime: 0.5972312279481972
POS_at_100_lime: 0.5972312279481972
NEG_at_1_lime: 0.0
NEG_at_5_lime: 0.5195210639766845
NEG_at_10_lime: 0.5972312279481972
NEG_at_20_lime: 0.5972312279481972
NEG_at_50_lime: 0.5972312279481972
NEG_at_100_lime: 0.5972312279481972
users_DEL_shap: 0.0012012169586971685
users_INS_shap: 0.0010297002288009048
NDCG_shap: 0.23530703369235959
POS_at_1_shap: 0.00018145527127563056
POS_at_5_shap: 0.5051223198891396
POS_at_10_shap: 0.5972312279481972
POS_at_20_shap: 0.5972312279481972
POS_at_50_shap: 0.5972312279481972
POS_at_100_shap: 0.5972312279481972
NEG_at_1_shap: 0.0
NEG_at_5_shap: 0.5244741866840219
NEG_at_10_shap: 0.5972312279481972
NEG_at_20_shap: 0.5972312279481972
NEG_at_50_shap: 0.5972312279481972
NEG_at_100_shap: 0.5972312279481972
users_DEL_accent: 0.0011419685936287158
users_INS_accent: 0.0011259436654921368
NDCG_accent: 0.23572644516398247
POS_at_1_accent: 0.00018145527127563056
POS_at_5_accent: 0.4913134635875249
POS_at_10_accent: 0.5972312279481972
POS_at_20_accent: 0.5972312279481972
POS_at_50_accent: 0.5972312279481972
POS_at_100_accent: 0.5972312279481972
NEG_at_1_accent: 0.0
NEG_at_5_accent: 0.5155214361582727
NEG_at_10_accent: 0.5972312279481972
NEG_at_20_accent: 0.5972312279481972
NEG_at_50_accent: 0.5972312279481972
NEG_at_100_accent: 0.5972312279481972
