this experiment is for Neucheckpoints/ConsistencyExp/Yahoo/VAE/VAE_Yahoo_perf3_epoch6_hr0.2833.pt and VAE
users_DEL_lxr: 0.007843111412129502
users_INS_lxr: 0.010004334014006135
NDCG_lxr: 0.3136320245471805
POS_at_1_lxr: 0.04704086150466484
POS_at_5_lxr: 0.44698389046137216
POS_at_10_lxr: 0.5102851280803623
POS_at_20_lxr: 0.5457128136247595
POS_at_50_lxr: 0.5763759036143036
POS_at_100_lxr: 0.5909107880199729
NEG_at_1_lxr: 0.09835004251577212
NEG_at_5_lxr: 0.5196334168606009
NEG_at_10_lxr: 0.5575730467031896
NEG_at_20_lxr: 0.5722719113721142
NEG_at_50_lxr: 0.5861627444246238
NEG_at_100_lxr: 0.5922870758483565
users_DEL_jaccard: 0.007270539410660589
users_INS_jaccard: 0.011266563531254395
NDCG_jaccard: 0.3111807253924799
POS_at_1_jaccard: 0.042791491558944426
POS_at_5_jaccard: 0.4478871497055705
POS_at_10_jaccard: 0.5114417498837862
POS_at_20_jaccard: 0.5459577671438929
POS_at_50_jaccard: 0.5762272754410745
POS_at_100_jaccard: 0.5895377183085797
NEG_at_1_jaccard: 0.09043414439044761
NEG_at_5_jaccard: 0.5174754652139056
NEG_at_10_jaccard: 0.5578716254748222
NEG_at_20_jaccard: 0.5722426181991084
NEG_at_50_jaccard: 0.5856082977623928
NEG_at_100_jaccard: 0.5924685311196322
users_DEL_cosine: 0.007274284505766032
users_INS_cosine: 0.011238415679512264
NDCG_cosine: 0.30911269195551216
POS_at_1_cosine: 0.04292144038589476
POS_at_5_cosine: 0.4417364284842175
POS_at_10_cosine: 0.5072582558881805
POS_at_20_cosine: 0.5439078225808504
POS_at_50_cosine: 0.5753650527225642
POS_at_100_cosine: 0.5894931105543911
NEG_at_1_cosine: 0.09580142358756055
NEG_at_5_cosine: 0.5198124641656775
NEG_at_10_cosine: 0.5584328767097261
NEG_at_20_cosine: 0.5729046275138123
NEG_at_50_cosine: 0.5856082977623928
NEG_at_100_cosine: 0.5924685311196322
users_DEL_lime: 0.008626517141779519
users_INS_lime: 0.00878894508756527
NDCG_lime: 0.33364004172146144
POS_at_1_lime: 0.058215496170348574
POS_at_5_lime: 0.48921168342293864
POS_at_10_lime: 0.5407828610905693
POS_at_20_lime: 0.5651806063411621
POS_at_50_lime: 0.5814964554020474
POS_at_100_lime: 0.5905672249518589
NEG_at_1_lime: 0.06846140084304592
NEG_at_5_lime: 0.510261517473664
NEG_at_10_lime: 0.5512897102340483
NEG_at_20_lime: 0.569926103487384
NEG_at_50_lime: 0.5845674501646589
NEG_at_100_lime: 0.5922870758483565
users_DEL_shap: 0.008208214460275495
users_INS_shap: 0.008918375687867472
NDCG_shap: 0.33355244632937997
POS_at_1_shap: 0.06300629558842125
POS_at_5_shap: 0.48000719813371234
POS_at_10_shap: 0.5352674230972035
POS_at_20_shap: 0.5608242839750655
POS_at_50_shap: 0.5809172608108768
POS_at_100_shap: 0.5918157961854601
NEG_at_1_shap: 0.06629614245666668
NEG_at_5_shap: 0.4835264695447449
NEG_at_10_shap: 0.5369403808194244
NEG_at_20_shap: 0.5592772670660215
NEG_at_50_shap: 0.582923291484572
NEG_at_100_shap: 0.5921153912455341
users_DEL_accent: 0.0071232379947865215
users_INS_accent: 0.010984340821812008
NDCG_accent: 0.31745207317701013
POS_at_1_accent: 0.0529531657047336
POS_at_5_accent: 0.44768772427974235
POS_at_10_accent: 0.5116086898015356
POS_at_20_accent: 0.5468741177658856
POS_at_50_accent: 0.5761958625187252
POS_at_100_accent: 0.5906643510693127
NEG_at_1_accent: 0.08175890641751445
NEG_at_5_accent: 0.502251467840796
NEG_at_10_accent: 0.55069413729434
NEG_at_20_accent: 0.571012335950862
NEG_at_50_accent: 0.5857232194342006
NEG_at_100_accent: 0.5924685311196322
