this experiment is for Neucheckpoints/ConsistencyExp/ML1M/VAE/VAE_ML1M_perf1_epoch8_hr0.0952.pt and VAE
users_DEL_lxr: 0.0009505341550373044
users_INS_lxr: 0.0010669634463185986
NDCG_lxr: 0.10478825890552056
POS_at_1_lxr: 0.0012914334911752045
POS_at_5_lxr: 0.20275746775583559
POS_at_10_lxr: 0.21333763911119044
POS_at_20_lxr: 0.21616649342519326
POS_at_50_lxr: 0.21616649342519326
POS_at_100_lxr: 0.21616649342519326
NEG_at_1_lxr: 0.004566748345865365
NEG_at_5_lxr: 0.20990919756437096
NEG_at_10_lxr: 0.2138911106074084
NEG_at_20_lxr: 0.21616649342519326
NEG_at_50_lxr: 0.21616649342519326
NEG_at_100_lxr: 0.21616649342519326
users_DEL_jaccard: 0.0008535075980139231
users_INS_jaccard: 0.0013568958496007182
NDCG_jaccard: 0.10378960294547383
POS_at_1_jaccard: 0.0
POS_at_5_jaccard: 0.20279413054965162
POS_at_10_jaccard: 0.21385197625919095
POS_at_20_jaccard: 0.21616649342519326
POS_at_50_jaccard: 0.21616649342519326
POS_at_100_jaccard: 0.21616649342519326
NEG_at_1_jaccard: 0.003546308160011889
NEG_at_5_jaccard: 0.2066650735916112
NEG_at_10_jaccard: 0.214113292713417
NEG_at_20_jaccard: 0.21616649342519326
NEG_at_50_jaccard: 0.21616649342519326
NEG_at_100_jaccard: 0.21616649342519326
users_DEL_cosine: 0.0008570443767119794
users_INS_cosine: 0.001344411091069438
NDCG_cosine: 0.10355342409621196
POS_at_1_cosine: 0.0
POS_at_5_cosine: 0.20219866738026143
POS_at_10_cosine: 0.21295188625019004
POS_at_20_cosine: 0.21616649342519326
POS_at_50_cosine: 0.21616649342519326
POS_at_100_cosine: 0.21616649342519326
NEG_at_1_cosine: 0.0038629815065069585
NEG_at_5_cosine: 0.20764731467286218
NEG_at_10_cosine: 0.2144326794908044
NEG_at_20_cosine: 0.21616649342519326
NEG_at_50_cosine: 0.21616649342519326
NEG_at_100_cosine: 0.21616649342519326
users_DEL_lime: 0.0010000043288897046
users_INS_lime: 0.0009341013262280831
NDCG_lime: 0.1031627822327848
POS_at_1_lime: 0.0005168441372439131
POS_at_5_lime: 0.1979751248503596
POS_at_10_lime: 0.2119955406156266
POS_at_20_lime: 0.21616649342519326
POS_at_50_lime: 0.21616649342519326
POS_at_100_lime: 0.21616649342519326
NEG_at_1_lime: 0.010179979890889661
NEG_at_5_lime: 0.20874075085093582
NEG_at_10_lime: 0.21354980318474065
NEG_at_20_lime: 0.21616649342519326
NEG_at_50_lime: 0.21616649342519326
NEG_at_100_lime: 0.21616649342519326
users_DEL_shap: 0.0009739803057401042
users_INS_shap: 0.0009808474939351438
NDCG_shap: 0.10994832761792032
POS_at_1_shap: 0.004897660842478574
POS_at_5_shap: 0.2099533934103103
POS_at_10_shap: 0.21295188625019004
POS_at_20_shap: 0.21616649342519326
POS_at_50_shap: 0.21616649342519326
POS_at_100_shap: 0.21616649342519326
NEG_at_1_shap: 0.003966218413036311
NEG_at_5_shap: 0.19663801182882937
NEG_at_10_shap: 0.21091173629403884
NEG_at_20_shap: 0.21616649342519326
NEG_at_50_shap: 0.21616649342519326
NEG_at_100_shap: 0.21616649342519326
users_DEL_accent: 0.0008272996977205663
users_INS_accent: 0.0013951636058058528
NDCG_accent: 0.10431388115747584
POS_at_1_accent: 0.0
POS_at_5_accent: 0.19990311916314094
POS_at_10_accent: 0.21115170623218826
POS_at_20_accent: 0.21526640341619233
POS_at_50_accent: 0.21616649342519326
POS_at_100_accent: 0.21616649342519326
NEG_at_1_accent: 0.003002270748229584
NEG_at_5_accent: 0.2054919755125725
NEG_at_10_accent: 0.2144326794908044
NEG_at_20_accent: 0.21616649342519326
NEG_at_50_accent: 0.21616649342519326
NEG_at_100_accent: 0.21616649342519326
