this experiment is for Neucheckpoints/ConsistencyExp/Yahoo/VAE/VAE_Yahoo_perf4_epoch9_hr0.3500.pt and VAE
users_DEL_lxr: 0.013278375651202061
users_INS_lxr: 0.020151020692704257
NDCG_lxr: 0.4195655607163642
POS_at_1_lxr: 0.29865960762432014
POS_at_5_lxr: 0.4671461084552547
POS_at_10_lxr: 0.5068924994797286
POS_at_20_lxr: 0.5463445064898649
POS_at_50_lxr: 0.5788691491543502
POS_at_100_lxr: 0.5884984188411365
NEG_at_1_lxr: 0.42848797896959706
NEG_at_5_lxr: 0.5410737502623476
NEG_at_10_lxr: 0.5561634135270892
NEG_at_20_lxr: 0.5721785915183152
NEG_at_50_lxr: 0.5841771053132362
NEG_at_100_lxr: 0.5906174713344405
users_DEL_jaccard: 0.01291358270411757
users_INS_jaccard: 0.021557072982981464
NDCG_jaccard: 0.42062280471179075
POS_at_1_jaccard: 0.3005013539704231
POS_at_5_jaccard: 0.46369758169680475
POS_at_10_jaccard: 0.5057220989421181
POS_at_20_jaccard: 0.5443585804717401
POS_at_50_jaccard: 0.5736681033371682
POS_at_100_jaccard: 0.5859589091159981
NEG_at_1_jaccard: 0.41805541660301004
NEG_at_5_jaccard: 0.5437924463654402
NEG_at_10_jaccard: 0.5595136256347865
NEG_at_20_jaccard: 0.5732094662767349
NEG_at_50_jaccard: 0.5856645344952761
NEG_at_100_jaccard: 0.5916376531929458
users_DEL_cosine: 0.012738276595782862
users_INS_cosine: 0.021755656640993867
NDCG_cosine: 0.41438950422949344
POS_at_1_cosine: 0.2922046605834779
POS_at_5_cosine: 0.4574681189187449
POS_at_10_cosine: 0.49903242262280706
POS_at_20_cosine: 0.5391173839880287
POS_at_50_cosine: 0.5727678153584058
POS_at_100_cosine: 0.5861625422537631
NEG_at_1_cosine: 0.4280234766382767
NEG_at_5_cosine: 0.5482475838847127
NEG_at_10_cosine: 0.5617852728166132
NEG_at_20_cosine: 0.574495782533111
NEG_at_50_cosine: 0.5860637360920825
NEG_at_100_cosine: 0.5916376531929458
users_DEL_lime: 0.015146119295867847
users_INS_lime: 0.017131120368345788
NDCG_lime: 0.4532497481956032
POS_at_1_lime: 0.3505730297125725
POS_at_5_lime: 0.5020827903591843
POS_at_10_lime: 0.5307489387137893
POS_at_20_lime: 0.5580608527374885
POS_at_50_lime: 0.5803271628405393
POS_at_100_lime: 0.5893541748615633
NEG_at_1_lime: 0.4142816404603379
NEG_at_5_lime: 0.5420736666003848
NEG_at_10_lime: 0.5552333527916393
NEG_at_20_lime: 0.5704647752835409
NEG_at_50_lime: 0.5847300398482067
NEG_at_100_lime: 0.5913881521949418
users_DEL_shap: 0.01505518286897198
users_INS_shap: 0.015870859686903938
NDCG_shap: 0.4626587546142538
POS_at_1_shap: 0.3598057872281938
POS_at_5_shap: 0.5106736736695959
POS_at_10_shap: 0.5368973054169838
POS_at_20_shap: 0.5619138062403211
POS_at_50_shap: 0.5806614149711985
POS_at_100_shap: 0.5892946480056291
NEG_at_1_shap: 0.3520962953774787
NEG_at_5_shap: 0.5025739068573983
NEG_at_10_shap: 0.5321220144921252
NEG_at_20_shap: 0.5597087565185401
NEG_at_50_shap: 0.5815888613327767
NEG_at_100_shap: 0.5905675711348398
users_DEL_accent: 0.01347475349523324
users_INS_accent: 0.018892976469989175
NDCG_accent: 0.4462436460684204
POS_at_1_accent: 0.34139154777669206
POS_at_5_accent: 0.4892256221678273
POS_at_10_accent: 0.5182354784047644
POS_at_20_accent: 0.5493006898873933
POS_at_50_accent: 0.5758862417080012
POS_at_100_accent: 0.5884917776668308
NEG_at_1_accent: 0.3544023699248687
NEG_at_5_accent: 0.5152504031151919
NEG_at_10_accent: 0.5430661898211854
NEG_at_20_accent: 0.5671816793260112
NEG_at_50_accent: 0.5849937980460965
NEG_at_100_accent: 0.5913525091952269
