this experiment is for Neucheckpoints/ConsistencyExp/ML1M/VAE/VAE_ML1M_perf1_epoch8_hr0.0952.pt and VAE
users_DEL_lxr: 0.0009110062136199856
users_INS_lxr: 0.0010260322622216824
NDCG_lxr: 0.09474307590610098
POS_at_1_lxr: 0.004662370999004662
POS_at_5_lxr: 0.19618521686936052
POS_at_10_lxr: 0.2142853053063814
POS_at_20_lxr: 0.2156714439202428
POS_at_50_lxr: 0.21616649342519326
POS_at_100_lxr: 0.21616649342519326
NEG_at_1_lxr: 0.0021452145214521452
NEG_at_5_lxr: 0.20084261607925946
NEG_at_10_lxr: 0.21404485268969112
NEG_at_20_lxr: 0.21616649342519326
NEG_at_50_lxr: 0.21616649342519326
NEG_at_100_lxr: 0.21616649342519326
users_DEL_jaccard: 0.0008195525636403697
users_INS_jaccard: 0.0013405661520475669
NDCG_jaccard: 0.09154862052622799
POS_at_1_jaccard: 0.0
POS_at_5_jaccard: 0.19130317595342913
POS_at_10_jaccard: 0.21428059054919138
POS_at_20_jaccard: 0.21616649342519326
POS_at_50_jaccard: 0.21616649342519326
POS_at_100_jaccard: 0.21616649342519326
NEG_at_1_jaccard: 0.005537220388705537
NEG_at_5_jaccard: 0.19957840754619732
NEG_at_10_jaccard: 0.21616649342519326
NEG_at_20_jaccard: 0.21616649342519326
NEG_at_50_jaccard: 0.21616649342519326
NEG_at_100_jaccard: 0.21616649342519326
users_DEL_cosine: 0.0008226464780462405
users_INS_cosine: 0.0013277052042742783
NDCG_cosine: 0.09106364771186891
POS_at_1_cosine: 0.0
POS_at_5_cosine: 0.19033018717103442
POS_at_10_cosine: 0.21436877750553884
POS_at_20_cosine: 0.21610755896031822
POS_at_50_cosine: 0.21616649342519326
POS_at_100_cosine: 0.21616649342519326
NEG_at_1_cosine: 0.00572057205720572
NEG_at_5_cosine: 0.2028892296942908
NEG_at_10_cosine: 0.21616649342519326
NEG_at_20_cosine: 0.21616649342519326
NEG_at_50_cosine: 0.21616649342519326
NEG_at_100_cosine: 0.21616649342519326
users_DEL_lime: 0.0009652492718834757
users_INS_lime: 0.0008904476664288949
NDCG_lime: 0.08930070814085916
POS_at_1_lime: 0.0
POS_at_5_lime: 0.17593449757209317
POS_at_10_lime: 0.20685637502179713
POS_at_20_lime: 0.21338115994679052
POS_at_50_lime: 0.21616649342519326
POS_at_100_lime: 0.21616649342519326
NEG_at_1_lime: 0.006393734611556394
NEG_at_5_lime: 0.20820642234012904
NEG_at_10_lime: 0.21616649342519326
NEG_at_20_lime: 0.21616649342519326
NEG_at_50_lime: 0.21616649342519326
NEG_at_100_lime: 0.21616649342519326
users_DEL_shap: 0.000933701783292919
users_INS_shap: 0.0009682133449961204
NDCG_shap: 0.09677896436119533
POS_at_1_shap: 0.006459217350306458
POS_at_5_shap: 0.19797852225700768
POS_at_10_shap: 0.21287418333998737
POS_at_20_shap: 0.21616649342519326
POS_at_50_shap: 0.21616649342519326
POS_at_100_shap: 0.21616649342519326
NEG_at_1_shap: 0.0044004400440044
NEG_at_5_shap: 0.18615318092149377
NEG_at_10_shap: 0.20917422577842223
NEG_at_20_shap: 0.21349832367781563
NEG_at_50_shap: 0.21616649342519326
NEG_at_100_shap: 0.21616649342519326
users_DEL_accent: 0.0007974813794261273
users_INS_accent: 0.001366461923472474
NDCG_accent: 0.09426538931475122
POS_at_1_accent: 0.004268095982530583
POS_at_5_accent: 0.18690748404689028
POS_at_10_accent: 0.21032650761325514
POS_at_20_accent: 0.21616649342519326
POS_at_50_accent: 0.21616649342519326
POS_at_100_accent: 0.21616649342519326
NEG_at_1_accent: 0.00352035203520352
NEG_at_5_accent: 0.19201535804777303
NEG_at_10_accent: 0.2123912282077461
NEG_at_20_accent: 0.2154330867511925
NEG_at_50_accent: 0.21616649342519326
NEG_at_100_accent: 0.21616649342519326
