this experiment is for Neucheckpoints/ConsistencyExp/Yahoo/VAE/VAE_Yahoo_perf3_epoch6_hr0.2833.pt and VAE
users_DEL_lxr: 0.006174720247736677
users_INS_lxr: 0.00827661940563668
NDCG_lxr: 0.20003146739856434
POS_at_1_lxr: 0.00618114031287684
POS_at_5_lxr: 0.24188960381619934
POS_at_10_lxr: 0.41811611444226016
POS_at_20_lxr: 0.5037077549465341
POS_at_50_lxr: 0.564479304048306
POS_at_100_lxr: 0.5891775439963097
NEG_at_1_lxr: 0.027198674066640918
NEG_at_5_lxr: 0.4092538648150586
NEG_at_10_lxr: 0.522198288482799
NEG_at_20_lxr: 0.5514379299842405
NEG_at_50_lxr: 0.5801999945995985
NEG_at_100_lxr: 0.5927670682445165
users_DEL_jaccard: 0.005756538847472542
users_INS_jaccard: 0.009281522678128793
NDCG_jaccard: 0.1986434075153936
POS_at_1_jaccard: 0.006565772883138152
POS_at_5_jaccard: 0.23670283087013005
POS_at_10_jaccard: 0.4106664521589268
POS_at_20_jaccard: 0.49943650354601143
POS_at_50_jaccard: 0.563143706427647
POS_at_100_jaccard: 0.5880879022353789
NEG_at_1_jaccard: 0.024201283967278296
NEG_at_5_jaccard: 0.40212245302130173
NEG_at_10_jaccard: 0.5252984718478687
NEG_at_20_jaccard: 0.5552530414640227
NEG_at_50_jaccard: 0.5814841506741738
NEG_at_100_jaccard: 0.592748922717389
users_DEL_cosine: 0.0057511437137027326
users_INS_cosine: 0.00926880059303336
NDCG_cosine: 0.19670760998079329
POS_at_1_cosine: 0.005398914680351806
POS_at_5_cosine: 0.23237494309574397
POS_at_10_cosine: 0.40442190315232396
POS_at_20_cosine: 0.49543130717905504
POS_at_50_cosine: 0.5611637834896401
POS_at_100_cosine: 0.5882542362340482
NEG_at_1_cosine: 0.025585593762135414
NEG_at_5_cosine: 0.4078678923725622
NEG_at_10_cosine: 0.5264872106023833
NEG_at_20_cosine: 0.5558939818055618
NEG_at_50_cosine: 0.5814841506741738
NEG_at_100_cosine: 0.592748922717389
users_DEL_lime: 0.006797917688442832
users_INS_lime: 0.0072497832148454835
NDCG_lime: 0.21528087509876134
POS_at_1_lime: 0.007939790674321613
POS_at_5_lime: 0.30468671506084927
POS_at_10_lime: 0.468727219154225
POS_at_20_lime: 0.5299666886798542
POS_at_50_lime: 0.5718567098538555
POS_at_100_lime: 0.5893175957830679
NEG_at_1_lime: 0.01595583159455415
NEG_at_5_lime: 0.37490577173616485
NEG_at_10_lime: 0.5079489614505552
NEG_at_20_lime: 0.544171380277571
NEG_at_50_lime: 0.5779553496902831
NEG_at_100_lime: 0.5918119078582185
users_DEL_shap: 0.006501616217787928
users_INS_shap: 0.007293929886001465
NDCG_shap: 0.216445943426776
POS_at_1_shap: 0.010975670761362535
POS_at_5_shap: 0.306559790698172
POS_at_10_shap: 0.4586683629362148
POS_at_20_shap: 0.5233509042554213
POS_at_50_shap: 0.5699451926728774
POS_at_100_shap: 0.5906505941220543
NEG_at_1_shap: 0.01881565096376891
NEG_at_5_shap: 0.3345924738245693
NEG_at_10_shap: 0.48059638751371375
NEG_at_20_shap: 0.534310034282039
NEG_at_50_shap: 0.5752978137243637
NEG_at_100_shap: 0.5914363962551619
users_DEL_accent: 0.005696235596543653
users_INS_accent: 0.008874793108018047
NDCG_accent: 0.20837473958324015
POS_at_1_accent: 0.01008083837014077
POS_at_5_accent: 0.2737013240653418
POS_at_10_accent: 0.42336248472299054
POS_at_20_accent: 0.5019879805890175
POS_at_50_accent: 0.5629797418645859
POS_at_100_accent: 0.5889225244771867
NEG_at_1_accent: 0.018828069087843655
NEG_at_5_accent: 0.3643427969050222
NEG_at_10_accent: 0.5081435687372546
NEG_at_20_accent: 0.5493661677478077
NEG_at_50_accent: 0.5805693136814924
NEG_at_100_accent: 0.592482788319518
