this experiment is for Neucheckpoints/ConsistencyExp/Pinterest/VAE/VAE_Pinterest_perf4_epoch6_hr0.0846.pt and VAE
users_DEL_lxr: 0.0026715180814073716
users_INS_lxr: 0.001645703327609827
NDCG_lxr: 0.3283840760445624
POS_at_1_lxr: 0.2704395584886753
POS_at_5_lxr: 0.35853280757894845
POS_at_10_lxr: 0.37551679977438374
POS_at_20_lxr: 0.3838509286722708
POS_at_50_lxr: 0.387667455926614
POS_at_100_lxr: 0.3893408102577756
NEG_at_1_lxr: 0.32138433441775816
NEG_at_5_lxr: 0.38047611173805024
NEG_at_10_lxr: 0.38422380760053715
NEG_at_20_lxr: 0.38692852029665914
NEG_at_50_lxr: 0.3889291390169841
NEG_at_100_lxr: 0.3894058109800059
users_DEL_jaccard: 0.002520386662765921
users_INS_jaccard: 0.001938362832997513
NDCG_jaccard: 0.30703721477021245
POS_at_1_jaccard: 0.23977299540655414
POS_at_5_jaccard: 0.33803531528295505
POS_at_10_jaccard: 0.3582474344779986
POS_at_20_jaccard: 0.3714687811206534
POS_at_50_jaccard: 0.3810860962886619
POS_at_100_jaccard: 0.384340340289768
NEG_at_1_jaccard: 0.32415656451711405
NEG_at_5_jaccard: 0.38662365661038944
NEG_at_10_jaccard: 0.38826415220437344
NEG_at_20_jaccard: 0.3890085843441544
NEG_at_50_jaccard: 0.39000526208501823
NEG_at_100_jaccard: 0.39000526208501823
users_DEL_cosine: 0.0025279427650762893
users_INS_cosine: 0.0019251471028678213
NDCG_cosine: 0.30758390080960696
POS_at_1_cosine: 0.24094601345789798
POS_at_5_cosine: 0.33727522959721556
POS_at_10_cosine: 0.3578468701870818
POS_at_20_cosine: 0.3701417227634438
POS_at_50_cosine: 0.3797093827690153
POS_at_100_cosine: 0.3844913520686868
NEG_at_1_cosine: 0.3245792726238057
NEG_at_5_cosine: 0.3863144420154606
NEG_at_10_cosine: 0.38826415220437344
NEG_at_20_cosine: 0.3890085843441544
NEG_at_50_cosine: 0.39000526208501823
NEG_at_100_cosine: 0.39000526208501823
users_DEL_lime: 0.00265894630950066
users_INS_lime: 0.0017123715360260194
NDCG_lime: 0.3277513532630304
POS_at_1_lime: 0.26966849591095093
POS_at_5_lime: 0.36135305783993793
POS_at_10_lime: 0.37496543161676626
POS_at_20_lime: 0.3817286750946852
POS_at_50_lime: 0.3848943856726829
POS_at_100_lime: 0.3861259226849508
NEG_at_1_lime: 0.32901424651394573
NEG_at_5_lime: 0.38670728861648435
NEG_at_10_lime: 0.38958785003969915
NEG_at_20_lime: 0.38975396299650983
NEG_at_50_lime: 0.39000526208501823
NEG_at_100_lime: 0.39000526208501823
users_DEL_shap: 0.002965544690769897
users_INS_shap: 0.0012030352259792014
NDCG_shap: 0.34622065325209006
POS_at_1_shap: 0.29738177715512054
POS_at_5_shap: 0.3762297581537026
POS_at_10_shap: 0.3824322221288845
POS_at_20_shap: 0.3856706324561747
POS_at_50_shap: 0.3886043888199546
POS_at_100_shap: 0.38912895605198816
NEG_at_1_shap: 0.29742812239496685
NEG_at_5_shap: 0.37531042332973164
NEG_at_10_shap: 0.3813070209645934
NEG_at_20_shap: 0.38573765917494207
NEG_at_50_shap: 0.38862750018785874
NEG_at_100_shap: 0.38915206741989233
users_DEL_accent: 0.00239962092793793
users_INS_accent: 0.0021040163952311384
NDCG_accent: 0.3101444508404735
POS_at_1_accent: 0.25165218236731124
POS_at_5_accent: 0.33336686090896084
POS_at_10_accent: 0.35075341452975106
POS_at_20_accent: 0.36869409349586646
POS_at_50_accent: 0.3789514579910809
POS_at_100_accent: 0.3828512506069382
NEG_at_1_accent: 0.26243051825140823
NEG_at_5_accent: 0.3657833399736467
NEG_at_10_accent: 0.38000164548908516
NEG_at_20_accent: 0.38554677192448217
NEG_at_50_accent: 0.3886375378933737
NEG_at_100_accent: 0.38959576018049963
