this experiment is for Neucheckpoints/ConsistencyExp/Yahoo/VAE/VAE_Yahoo_perf2_epoch4_hr0.1848.pt and VAE
users_DEL_lxr: 0.006155215795067682
users_INS_lxr: 0.0069449605987038565
NDCG_lxr: 0.5306033361694873
POS_at_1_lxr: 0.46085987778370124
POS_at_5_lxr: 0.5729125398464726
POS_at_10_lxr: 0.5837362270635355
POS_at_20_lxr: 0.5881955674755063
POS_at_50_lxr: 0.5938663520554365
POS_at_100_lxr: 0.5967322259521891
NEG_at_1_lxr: 0.49449290454426176
NEG_at_5_lxr: 0.587784789775663
NEG_at_10_lxr: 0.5934326346585859
NEG_at_20_lxr: 0.5956828960405839
NEG_at_50_lxr: 0.5972312279481972
NEG_at_100_lxr: 0.5972312279481972
users_DEL_jaccard: 0.005542762593713801
users_INS_jaccard: 0.008085097745187333
NDCG_jaccard: 0.5261181522516309
POS_at_1_jaccard: 0.44530673689119427
POS_at_5_jaccard: 0.5781743419739086
POS_at_10_jaccard: 0.5861909424190438
POS_at_20_jaccard: 0.5899271244599006
POS_at_50_jaccard: 0.5949909824938079
POS_at_100_jaccard: 0.5965615147430287
NEG_at_1_jaccard: 0.499432422134272
NEG_at_5_jaccard: 0.5888274006820945
NEG_at_10_jaccard: 0.5949635410996721
NEG_at_20_jaccard: 0.5960558010242673
NEG_at_50_jaccard: 0.5972312279481972
NEG_at_100_jaccard: 0.5972312279481972
users_DEL_cosine: 0.005544073535022123
users_INS_cosine: 0.008060187907668312
NDCG_cosine: 0.5217214823398102
POS_at_1_cosine: 0.43845431670259966
POS_at_5_cosine: 0.574515015568897
POS_at_10_cosine: 0.5838895071086264
POS_at_20_cosine: 0.5879450125699728
POS_at_50_cosine: 0.594734352895861
POS_at_100_cosine: 0.5965615147430287
NEG_at_1_cosine: 0.5036066271442197
NEG_at_5_cosine: 0.5898444142739584
NEG_at_10_cosine: 0.595695410693817
NEG_at_20_cosine: 0.5967876706184123
NEG_at_50_cosine: 0.5972312279481972
NEG_at_100_cosine: 0.5972312279481972
users_DEL_lime: 0.006172518038008728
users_INS_lime: 0.006737745878722993
NDCG_lime: 0.5267619142108894
POS_at_1_lime: 0.4521511436899221
POS_at_5_lime: 0.5701795544724496
POS_at_10_lime: 0.5815540674793384
POS_at_20_lime: 0.585373581328143
POS_at_50_lime: 0.5952066330640126
POS_at_100_lime: 0.596876673898402
NEG_at_1_lime: 0.4984966852776088
NEG_at_5_lime: 0.591328747195417
NEG_at_10_lime: 0.5964827249541852
NEG_at_20_lime: 0.5972312279481972
NEG_at_50_lime: 0.5972312279481972
NEG_at_100_lime: 0.5972312279481972
users_DEL_shap: 0.006042449433395828
users_INS_shap: 0.006717654818414923
NDCG_shap: 0.5355519071897602
POS_at_1_shap: 0.4642683116232919
POS_at_5_shap: 0.5818133143134478
POS_at_10_shap: 0.5887384682162656
POS_at_20_shap: 0.5921958789921303
POS_at_50_shap: 0.5960655767943646
POS_at_100_shap: 0.5971064774491951
NEG_at_1_shap: 0.47591229566818777
NEG_at_5_shap: 0.5773218269730506
NEG_at_10_shap: 0.586785464207106
NEG_at_20_shap: 0.5895225667206148
NEG_at_50_shap: 0.5964969821540711
NEG_at_100_shap: 0.5972312279481972
users_DEL_accent: 0.00543155995694079
users_INS_accent: 0.008218241429751222
NDCG_accent: 0.525255886851279
POS_at_1_accent: 0.4479539788620185
POS_at_5_accent: 0.5730918232620452
POS_at_10_accent: 0.5834711879632156
POS_at_20_accent: 0.5877729430477201
POS_at_50_accent: 0.593824754400041
POS_at_100_accent: 0.5965615147430287
NEG_at_1_accent: 0.48804839360172636
NEG_at_5_accent: 0.5858826603831152
NEG_at_10_accent: 0.5927744740823666
NEG_at_20_accent: 0.5950430395797378
NEG_at_50_accent: 0.5972312279481972
NEG_at_100_accent: 0.5972312279481972
