this experiment is for Neucheckpoints/ConsistencyExp/ML1M/VAE/VAE_ML1M_perf4_epoch12_hr0.1225.pt and VAE
users_DEL_lxr: 0.0010563752006089674
users_INS_lxr: 0.001285492300892517
NDCG_lxr: 0.08804633248804739
POS_at_1_lxr: 0.0
POS_at_5_lxr: 0.15662703914354403
POS_at_10_lxr: 0.20383623293919043
POS_at_20_lxr: 0.21616649342519326
POS_at_50_lxr: 0.21616649342519326
POS_at_100_lxr: 0.21616649342519326
NEG_at_1_lxr: 0.0033130910095774727
NEG_at_5_lxr: 0.20050012893828104
NEG_at_10_lxr: 0.21333763911119044
NEG_at_20_lxr: 0.21616649342519326
NEG_at_50_lxr: 0.21616649342519326
NEG_at_100_lxr: 0.21616649342519326
users_DEL_jaccard: 0.0009703380665690796
users_INS_jaccard: 0.0015990728840508644
NDCG_jaccard: 0.0861793440165098
POS_at_1_jaccard: 0.0
POS_at_5_jaccard: 0.13951705784627813
POS_at_10_jaccard: 0.2032539155618446
POS_at_20_jaccard: 0.21616649342519326
POS_at_50_jaccard: 0.21616649342519326
POS_at_100_jaccard: 0.21616649342519326
NEG_at_1_jaccard: 0.003885429026625083
NEG_at_5_jaccard: 0.185024186643273
NEG_at_10_jaccard: 0.21072760310081248
NEG_at_20_jaccard: 0.21616649342519326
NEG_at_50_jaccard: 0.21616649342519326
NEG_at_100_jaccard: 0.21616649342519326
users_DEL_cosine: 0.0009710937193604808
users_INS_cosine: 0.0015925491227858986
NDCG_cosine: 0.08591030159811744
POS_at_1_cosine: 0.0
POS_at_5_cosine: 0.1379948002754994
POS_at_10_cosine: 0.2009851557911307
POS_at_20_cosine: 0.21616649342519326
POS_at_50_cosine: 0.21616649342519326
POS_at_100_cosine: 0.21616649342519326
NEG_at_1_cosine: 0.0036912919658601824
NEG_at_5_cosine: 0.18694570671978636
NEG_at_10_cosine: 0.21251395820691135
NEG_at_20_cosine: 0.21616649342519326
NEG_at_50_cosine: 0.21616649342519326
NEG_at_100_cosine: 0.21616649342519326
users_DEL_lime: 0.0011265242254505537
users_INS_lime: 0.0011286057523861657
NDCG_lime: 0.0913187296286005
POS_at_1_lime: 0.0
POS_at_5_lime: 0.17881945684279107
POS_at_10_lime: 0.20649338325703356
POS_at_20_lime: 0.21446918083679156
POS_at_50_lime: 0.21616649342519326
POS_at_100_lime: 0.21616649342519326
NEG_at_1_lime: 0.0003808073115003808
NEG_at_5_lime: 0.18997351893959888
NEG_at_10_lime: 0.21176755729097832
NEG_at_20_lime: 0.21616649342519326
NEG_at_50_lime: 0.21616649342519326
NEG_at_100_lime: 0.21616649342519326
users_DEL_shap: 0.0010887002102751193
users_INS_shap: 0.0011461478737747868
NDCG_shap: 0.09119989828925132
POS_at_1_shap: 0.0
POS_at_5_shap: 0.17048463079741816
POS_at_10_shap: 0.20702726011644232
POS_at_20_shap: 0.21616649342519326
POS_at_50_shap: 0.21616649342519326
POS_at_100_shap: 0.21616649342519326
NEG_at_1_shap: 0.0023841279635111235
NEG_at_5_shap: 0.17879264795839347
NEG_at_10_shap: 0.20829398491736736
NEG_at_20_shap: 0.2156714439202428
NEG_at_50_shap: 0.21616649342519326
NEG_at_100_shap: 0.21616649342519326
users_DEL_accent: 0.0009447114514451162
users_INS_accent: 0.0015848354257162337
NDCG_accent: 0.09217681289963582
POS_at_1_accent: 0.0
POS_at_5_accent: 0.17051124678832832
POS_at_10_accent: 0.20702686031732295
POS_at_20_accent: 0.21616649342519326
POS_at_50_accent: 0.21616649342519326
POS_at_100_accent: 0.21616649342519326
NEG_at_1_accent: 0.0021131072383256426
NEG_at_5_accent: 0.18344302757598407
NEG_at_10_accent: 0.21475206626819185
NEG_at_20_accent: 0.21616649342519326
NEG_at_50_accent: 0.21616649342519326
NEG_at_100_accent: 0.21616649342519326
