this experiment is for Neucheckpoints/ConsistencyExp/Pinterest/VAE/VAE_Pinterest_perf4_epoch6_hr0.0846.pt and VAE
users_DEL_lxr: 0.002136744859218275
users_INS_lxr: 0.0013576965913891553
NDCG_lxr: 0.1780614824153037
POS_at_1_lxr: 0.011804409571117995
POS_at_5_lxr: 0.2944203122852263
POS_at_10_lxr: 0.34878329532858815
POS_at_20_lxr: 0.36972107597996046
POS_at_50_lxr: 0.3831483808925128
POS_at_100_lxr: 0.38594571697896146
NEG_at_1_lxr: 0.02718567735610716
NEG_at_5_lxr: 0.34846996762108917
NEG_at_10_lxr: 0.37887620076013645
NEG_at_20_lxr: 0.3863765084418199
NEG_at_50_lxr: 0.3886344002923739
NEG_at_100_lxr: 0.38926136493060537
users_DEL_jaccard: 0.002007879631023591
users_INS_jaccard: 0.001605395398641837
NDCG_jaccard: 0.1654007319463331
POS_at_1_jaccard: 0.007053295043350067
POS_at_5_jaccard: 0.2659567955148012
POS_at_10_jaccard: 0.32365900289783167
POS_at_20_jaccard: 0.3561055217185403
POS_at_50_jaccard: 0.37313389723733964
POS_at_100_jaccard: 0.37934405432357593
NEG_at_1_jaccard: 0.030036502100383396
NEG_at_5_jaccard: 0.3589543610730703
NEG_at_10_jaccard: 0.3819829428154869
NEG_at_20_jaccard: 0.38828002265228007
NEG_at_50_jaccard: 0.38990144148701156
NEG_at_100_jaccard: 0.39000526208501823
users_DEL_cosine: 0.002010159419965433
users_INS_cosine: 0.0015982671011532923
NDCG_cosine: 0.1634623200604346
POS_at_1_cosine: 0.005364896705115114
POS_at_5_cosine: 0.2630375576289534
POS_at_10_cosine: 0.3225100469119729
POS_at_20_cosine: 0.3559843430682651
POS_at_50_cosine: 0.3733285304025308
POS_at_100_cosine: 0.3792300763856777
NEG_at_1_cosine: 0.029600265351675415
NEG_at_5_cosine: 0.3593919349079585
NEG_at_10_cosine: 0.3821271770419471
NEG_at_20_cosine: 0.38822564043427665
NEG_at_50_cosine: 0.38990144148701156
NEG_at_100_cosine: 0.39000526208501823
users_DEL_lime: 0.002119687040727747
users_INS_lime: 0.0014266418484945515
NDCG_lime: 0.1737283218738096
POS_at_1_lime: 0.008318047185684128
POS_at_5_lime: 0.29257870124256774
POS_at_10_lime: 0.34747725591142914
POS_at_20_lime: 0.3659227946664497
POS_at_50_lime: 0.3768025048948009
POS_at_100_lime: 0.38094846686394973
NEG_at_1_lime: 0.02432582563689097
NEG_at_5_lime: 0.36632760024282235
NEG_at_10_lime: 0.38751509973641296
NEG_at_20_lime: 0.38985425030609944
NEG_at_50_lime: 0.39000526208501823
NEG_at_100_lime: 0.39000526208501823
users_DEL_shap: 0.002353777828956051
users_INS_shap: 0.0010067623787537886
NDCG_shap: 0.19032346698276287
POS_at_1_shap: 0.01726354262126925
POS_at_5_shap: 0.32805361483360773
POS_at_10_shap: 0.3669941111112607
POS_at_20_shap: 0.3800998015726672
POS_at_50_shap: 0.3864162399280646
POS_at_100_shap: 0.38868422693901367
NEG_at_1_shap: 0.01844792434267091
NEG_at_5_shap: 0.3307988508142728
NEG_at_10_shap: 0.36861427577317046
NEG_at_20_shap: 0.38045045360710406
NEG_at_50_shap: 0.386010989178348
NEG_at_100_shap: 0.3885845591649273
users_DEL_accent: 0.0018654459562323796
users_INS_accent: 0.0018514012028522891
NDCG_accent: 0.1667644031895652
POS_at_1_accent: 0.014427224960644601
POS_at_5_accent: 0.25017134434474636
POS_at_10_accent: 0.30264706298134936
POS_at_20_accent: 0.3331688008280204
POS_at_50_accent: 0.35755013146054704
POS_at_100_accent: 0.3702651736515329
NEG_at_1_accent: 0.03425917460933183
NEG_at_5_accent: 0.3434653791533668
NEG_at_10_accent: 0.3728092900019873
NEG_at_20_accent: 0.3836076895768646
NEG_at_50_accent: 0.38805867960976315
NEG_at_100_accent: 0.38883593692320423
