this experiment is for Neucheckpoints/ConsistencyExp/Yahoo/VAE/VAE_Yahoo_perf4_epoch9_hr0.3500.pt and VAE
users_DEL_lxr: 0.007568893009253429
users_INS_lxr: 0.011984861195253592
NDCG_lxr: 0.18868772328489591
POS_at_1_lxr: 0.0033441774459738527
POS_at_5_lxr: 0.21321025164548146
POS_at_10_lxr: 0.3757850081302277
POS_at_20_lxr: 0.4703712438298731
POS_at_50_lxr: 0.5450443507678098
POS_at_100_lxr: 0.5746124657897065
NEG_at_1_lxr: 0.033110203121325336
NEG_at_5_lxr: 0.40793472508067635
NEG_at_10_lxr: 0.508512699375464
NEG_at_20_lxr: 0.5436000343469436
NEG_at_50_lxr: 0.5714543545665333
NEG_at_100_lxr: 0.5847821002296084
users_DEL_jaccard: 0.007096336328537376
users_INS_jaccard: 0.013501773346313533
NDCG_jaccard: 0.1829832962503596
POS_at_1_jaccard: 0.004307258498875265
POS_at_5_jaccard: 0.18181510864151235
POS_at_10_jaccard: 0.349795592568087
POS_at_20_jaccard: 0.4583106504189961
POS_at_50_jaccard: 0.5402494899278715
POS_at_100_jaccard: 0.5705983900217698
NEG_at_1_jaccard: 0.02967114125555787
NEG_at_5_jaccard: 0.40856840629069
NEG_at_10_jaccard: 0.5123927533820734
NEG_at_20_jaccard: 0.5450811269957009
NEG_at_50_jaccard: 0.5738430115959089
NEG_at_100_jaccard: 0.5857700233732202
users_DEL_cosine: 0.007026113404557468
users_INS_cosine: 0.01358437044146972
NDCG_cosine: 0.18083968066490191
POS_at_1_cosine: 0.0032268795741849637
POS_at_5_cosine: 0.17663099053691356
POS_at_10_cosine: 0.34264925230761406
POS_at_20_cosine: 0.45383065875267903
POS_at_50_cosine: 0.5384301826085885
POS_at_100_cosine: 0.5692310087891193
NEG_at_1_cosine: 0.03064281101548727
NEG_at_5_cosine: 0.4173841419654992
NEG_at_10_cosine: 0.5174683602890633
NEG_at_20_cosine: 0.5461410561993427
NEG_at_50_cosine: 0.5736615563246333
NEG_at_100_cosine: 0.5857700233732202
users_DEL_lime: 0.008523278379392306
users_INS_lime: 0.010220666559597375
NDCG_lime: 0.2025862187318357
POS_at_1_lime: 0.00874148090713412
POS_at_5_lime: 0.25346538412271435
POS_at_10_lime: 0.42162550197132803
POS_at_20_lime: 0.49949333113912897
POS_at_50_lime: 0.554184260500032
POS_at_100_lime: 0.5778060506637385
NEG_at_1_lime: 0.018547588244900465
NEG_at_5_lime: 0.3680959610356088
NEG_at_10_lime: 0.4872084413638433
NEG_at_20_lime: 0.5335848779510194
NEG_at_50_lime: 0.569282219759668
NEG_at_100_lime: 0.583555404990937
users_DEL_shap: 0.008772396482450815
users_INS_shap: 0.009125721453384384
NDCG_shap: 0.21653088093808676
POS_at_1_shap: 0.013976107677883428
POS_at_5_shap: 0.301488883972811
POS_at_10_shap: 0.44796429347834804
POS_at_20_shap: 0.5135846950578465
POS_at_50_shap: 0.5616244722067109
POS_at_100_shap: 0.5813295813579278
NEG_at_1_shap: 0.012543018883170026
NEG_at_5_shap: 0.304785239787482
NEG_at_10_shap: 0.4448174172224618
NEG_at_20_shap: 0.5075621134193916
NEG_at_50_shap: 0.5609213939587224
NEG_at_100_shap: 0.5810892694409692
users_DEL_accent: 0.007406445384408961
users_INS_accent: 0.011632583971638627
NDCG_accent: 0.19675565682982596
POS_at_1_accent: 0.009447643495862848
POS_at_5_accent: 0.2311452379332879
POS_at_10_accent: 0.3728526096357307
POS_at_20_accent: 0.46605570874343866
POS_at_50_accent: 0.5411127741361382
POS_at_100_accent: 0.5711912139590813
NEG_at_1_accent: 0.014751310884474116
NEG_at_5_accent: 0.3580089880567741
NEG_at_10_accent: 0.49053581419439096
NEG_at_20_accent: 0.5346462407545326
NEG_at_50_accent: 0.5712464730712267
NEG_at_100_accent: 0.5847417768359916
