this experiment is for Neucheckpoints/ConsistencyExp/Yahoo/VAE/VAE_Yahoo_perf2_epoch4_hr0.1848.pt and VAE
users_DEL_lxr: 0.004672056049209023
users_INS_lxr: 0.005123278808534047
NDCG_lxr: 0.24055467885110082
POS_at_1_lxr: 0.009715489655609416
POS_at_5_lxr: 0.44596420289604954
POS_at_10_lxr: 0.5156078208632209
POS_at_20_lxr: 0.5572638445419134
POS_at_50_lxr: 0.5852468658004315
POS_at_100_lxr: 0.594268480742759
NEG_at_1_lxr: 0.012315609534329988
NEG_at_5_lxr: 0.5159071524972938
NEG_at_10_lxr: 0.5602868277103837
NEG_at_20_lxr: 0.5839299805152132
NEG_at_50_lxr: 0.5958798902196139
NEG_at_100_lxr: 0.5972312279481972
users_DEL_jaccard: 0.004264712309416308
users_INS_jaccard: 0.0058786208813851005
NDCG_jaccard: 0.24232516500538764
POS_at_1_jaccard: 0.015241467774559486
POS_at_5_jaccard: 0.4358653984070641
POS_at_10_jaccard: 0.5118828685332318
POS_at_20_jaccard: 0.5557056085942271
POS_at_50_jaccard: 0.5866183034119317
POS_at_100_jaccard: 0.5948240728552372
NEG_at_1_jaccard: 0.009953901720368785
NEG_at_5_jaccard: 0.5145583226720836
NEG_at_10_jaccard: 0.5620348818237073
NEG_at_20_jaccard: 0.5841502470528449
NEG_at_50_jaccard: 0.59678212615179
NEG_at_100_jaccard: 0.5972312279481972
users_DEL_cosine: 0.004266462236553822
users_INS_cosine: 0.00586260041167617
NDCG_cosine: 0.2408398416684217
POS_at_1_cosine: 0.014745238011862656
POS_at_5_cosine: 0.4311306136278058
POS_at_10_cosine: 0.5080033385372504
POS_at_20_cosine: 0.5527308614751372
POS_at_50_cosine: 0.5841075298682241
POS_at_100_cosine: 0.5942775468596094
NEG_at_1_cosine: 0.010239045718087635
NEG_at_5_cosine: 0.5167555407815129
NEG_at_10_cosine: 0.5623635174816843
NEG_at_20_cosine: 0.584682515848587
NEG_at_50_cosine: 0.59678212615179
NEG_at_100_cosine: 0.5972312279481972
users_DEL_lime: 0.004628272116525614
users_INS_lime: 0.005161330312536588
NDCG_lime: 0.2395750681117435
POS_at_1_lime: 0.009066411871328353
POS_at_5_lime: 0.4459212626771093
POS_at_10_lime: 0.5106315555974799
POS_at_20_lime: 0.5530270051981186
POS_at_50_lime: 0.5854447438748163
POS_at_100_lime: 0.5949393185543151
NEG_at_1_lime: 0.015189210323940862
NEG_at_5_lime: 0.5166842704424012
NEG_at_10_lime: 0.5643073210721944
NEG_at_20_lime: 0.5852804541710762
NEG_at_50_lime: 0.59678212615179
NEG_at_100_lime: 0.5972312279481972
users_DEL_shap: 0.004604576675298886
users_INS_shap: 0.00498835953779101
NDCG_shap: 0.24767566886579803
POS_at_1_shap: 0.013254031508563878
POS_at_5_shap: 0.463600749802422
POS_at_10_shap: 0.5270161718895842
POS_at_20_shap: 0.5667398545559549
POS_at_50_shap: 0.5911476426083141
POS_at_100_shap: 0.5962940267204007
NEG_at_1_shap: 0.01008380065266293
NEG_at_5_shap: 0.4886298989893501
NEG_at_10_shap: 0.542000581317194
NEG_at_20_shap: 0.5700622396981203
NEG_at_50_shap: 0.5897707717866139
NEG_at_100_shap: 0.5960288062455993
users_DEL_accent: 0.004139759307243149
users_INS_accent: 0.006040943475728877
NDCG_accent: 0.23997184186774523
POS_at_1_accent: 0.012346181630233906
POS_at_5_accent: 0.4319235133997152
POS_at_10_accent: 0.508185873470542
POS_at_20_accent: 0.5532454979242208
POS_at_50_accent: 0.5845823184893397
POS_at_100_accent: 0.5932633373987639
NEG_at_1_accent: 0.009811125072707172
NEG_at_5_accent: 0.5045203762953656
NEG_at_10_accent: 0.5595854143647851
NEG_at_20_accent: 0.5835205123701637
NEG_at_50_accent: 0.596283124155782
NEG_at_100_accent: 0.5967322259521891
