this experiment is for Neucheckpoints/ConsistencyExp/Pinterest/VAE/VAE_Pinterest_perf1_epoch2_hr0.0298.pt and VAE
users_DEL_lxr: 0.0009181448657250442
users_INS_lxr: 0.00045932557579052177
NDCG_lxr: 0.24347222874462338
POS_at_1_lxr: 0.01029741631650779
POS_at_5_lxr: 0.38569849994639127
POS_at_10_lxr: 0.3876243097040658
POS_at_20_lxr: 0.3881859297009017
POS_at_50_lxr: 0.38858143674092704
POS_at_100_lxr: 0.38858143674092704
NEG_at_1_lxr: 0.010477460626607612
NEG_at_5_lxr: 0.3869544970162658
NEG_at_10_lxr: 0.38845137276570924
NEG_at_20_lxr: 0.3887605873606382
NEG_at_50_lxr: 0.38921424800496757
NEG_at_100_lxr: 0.38968885645299794
users_DEL_jaccard: 0.0008879365626753693
users_INS_jaccard: 0.0005194487187740115
NDCG_jaccard: 0.24022187181616622
POS_at_1_jaccard: 0.010480538197073445
POS_at_5_jaccard: 0.38080878807026963
POS_at_10_jaccard: 0.3849669713757756
POS_at_20_jaccard: 0.3865898008550257
POS_at_50_jaccard: 0.3868666557830434
POS_at_100_jaccard: 0.38732750746446415
NEG_at_1_jaccard: 0.01038387176414151
NEG_at_5_jaccard: 0.38674441243091034
NEG_at_10_jaccard: 0.38974216392361
NEG_at_20_jaccard: 0.3898866099730106
NEG_at_50_jaccard: 0.39000526208501823
NEG_at_100_jaccard: 0.39000526208501823
users_DEL_cosine: 0.0008914903330080275
users_INS_cosine: 0.0005136435131920047
NDCG_cosine: 0.24032430409645444
POS_at_1_cosine: 0.010584173731625533
POS_at_5_cosine: 0.3810299992492079
POS_at_10_cosine: 0.38484831926376795
POS_at_20_cosine: 0.38670845296703327
POS_at_50_cosine: 0.3868666557830434
POS_at_100_cosine: 0.38732750746446415
NEG_at_1_cosine: 0.010542074580151634
NEG_at_5_cosine: 0.38701019316180735
NEG_at_10_cosine: 0.38974216392361
NEG_at_20_cosine: 0.3898866099730106
NEG_at_50_cosine: 0.39000526208501823
NEG_at_100_cosine: 0.39000526208501823
users_DEL_lime: 0.0009059386906782179
users_INS_lime: 0.0004795970847888755
NDCG_lime: 0.2397884925469438
POS_at_1_lime: 0.00957400178559725
POS_at_5_lime: 0.3794795166798472
POS_at_10_lime: 0.3837463327529992
POS_at_20_lime: 0.38487158070548966
POS_at_50_lime: 0.3859157192911564
POS_at_100_lime: 0.3862400350639772
NEG_at_1_lime: 0.00980658867959283
NEG_at_5_lime: 0.3869169367650014
NEG_at_10_lime: 0.38930614320591955
NEG_at_20_lime: 0.3897163699862171
NEG_at_50_lime: 0.39000526208501823
NEG_at_100_lime: 0.39000526208501823
users_DEL_shap: 0.0009351492274853126
users_INS_shap: 0.0004361030550147685
NDCG_shap: 0.2434085604148797
POS_at_1_shap: 0.012379967350661072
POS_at_5_shap: 0.38306131573512786
POS_at_10_shap: 0.3881230800367232
POS_at_20_shap: 0.3897537196075621
POS_at_50_shap: 0.3898866099730106
POS_at_100_shap: 0.39000526208501823
NEG_at_1_shap: 0.0077210551683177435
NEG_at_5_shap: 0.384982897959664
NEG_at_10_shap: 0.3874925699045519
NEG_at_20_shap: 0.3888551276126246
NEG_at_50_shap: 0.38963506749555454
NEG_at_100_shap: 0.3898866099730106
users_DEL_accent: 0.0008179779385124386
users_INS_accent: 0.000633090126361496
NDCG_accent: 0.23614840235315043
POS_at_1_accent: 0.00909084062698388
POS_at_5_accent: 0.37259818241043047
POS_at_10_accent: 0.3815377749738035
POS_at_20_accent: 0.3836926469713053
POS_at_50_accent: 0.3843746175117187
POS_at_100_accent: 0.38485713610054956
NEG_at_1_accent: 0.01144486250634505
NEG_at_5_accent: 0.3853454344038746
NEG_at_10_accent: 0.3878063449322989
NEG_at_20_accent: 0.38914622079408323
NEG_at_50_accent: 0.38963506749555454
NEG_at_100_accent: 0.39000526208501823
