this experiment is for Neucheckpoints/ConsistencyExp/Yahoo/VAE/VAE_Yahoo_perf2_epoch4_hr0.1848.pt and VAE
users_DEL_lxr: 0.005243506377744674
users_INS_lxr: 0.005986009334803286
NDCG_lxr: 0.33729790095509926
POS_at_1_lxr: 0.028321256990641752
POS_at_5_lxr: 0.5159089331458276
POS_at_10_lxr: 0.5306449829950493
POS_at_20_lxr: 0.5708513820589051
POS_at_50_lxr: 0.585384303489612
POS_at_100_lxr: 0.5945317193343562
NEG_at_1_lxr: 0.044313072792115014
NEG_at_5_lxr: 0.5530227236638241
NEG_at_10_lxr: 0.5620355986491188
NEG_at_20_lxr: 0.5917730965918622
NEG_at_50_lxr: 0.5972312279481972
NEG_at_100_lxr: 0.5972312279481972
users_DEL_jaccard: 0.004784233574156105
users_INS_jaccard: 0.0068919472922000236
NDCG_jaccard: 0.3309638649806764
POS_at_1_jaccard: 0.023670403544537838
POS_at_5_jaccard: 0.5053048914802928
POS_at_10_jaccard: 0.5307929729020057
POS_at_20_jaccard: 0.5724557648785188
POS_at_50_jaccard: 0.5894314996293294
POS_at_100_jaccard: 0.5958809872531167
NEG_at_1_jaccard: 0.04625223682458206
NEG_at_5_jaccard: 0.5566669678531709
NEG_at_10_jaccard: 0.5639232407479944
NEG_at_20_jaccard: 0.5913738949950558
NEG_at_50_jaccard: 0.5972312279481972
NEG_at_100_jaccard: 0.5972312279481972
users_DEL_cosine: 0.004800745348031657
users_INS_cosine: 0.006855108354010701
NDCG_cosine: 0.3295789369312305
POS_at_1_cosine: 0.023393040719901136
POS_at_5_cosine: 0.5036294246909613
POS_at_10_cosine: 0.5282541816558465
POS_at_20_cosine: 0.5702189557383195
POS_at_50_cosine: 0.5876658246301215
POS_at_100_cosine: 0.5953392136574509
NEG_at_1_cosine: 0.04820318574042471
NEG_at_5_cosine: 0.5571764169353023
NEG_at_10_cosine: 0.5639232407479944
NEG_at_20_cosine: 0.5913738949950558
NEG_at_50_cosine: 0.5972312279481972
NEG_at_100_cosine: 0.5972312279481972
users_DEL_lime: 0.005214027178009705
users_INS_lime: 0.005959067273752412
NDCG_lime: 0.3343024822721182
POS_at_1_lime: 0.022966604754605126
POS_at_5_lime: 0.5096581001982797
POS_at_10_lime: 0.5290619809734449
POS_at_20_lime: 0.5720685238451639
POS_at_50_lime: 0.5891127705012766
POS_at_100_lime: 0.5953207631634808
NEG_at_1_lime: 0.04831851058446754
NEG_at_5_lime: 0.5573397543740889
NEG_at_10_lime: 0.5635826520840523
NEG_at_20_lime: 0.5910744937974509
NEG_at_50_lime: 0.5972312279481972
NEG_at_100_lime: 0.5972312279481972
users_DEL_shap: 0.005241157841832678
users_INS_shap: 0.005721086566212727
NDCG_shap: 0.34593516031628757
POS_at_1_shap: 0.035533721751136726
POS_at_5_shap: 0.5265691584857956
POS_at_10_shap: 0.5459165458654801
POS_at_20_shap: 0.5811118051076195
POS_at_50_shap: 0.5943190842933169
POS_at_100_shap: 0.5967112594817687
NEG_at_1_shap: 0.04042440313359787
NEG_at_5_shap: 0.5362965659034978
NEG_at_10_shap: 0.5474353420183267
NEG_at_20_shap: 0.5821518229362129
NEG_at_50_shap: 0.5918580269251194
NEG_at_100_shap: 0.5966395541529305
users_DEL_accent: 0.004694062422630398
users_INS_accent: 0.007027621093540268
NDCG_accent: 0.33647308062118014
POS_at_1_accent: 0.03187926962385755
POS_at_5_accent: 0.511031112298877
POS_at_10_accent: 0.5312266593789019
POS_at_20_accent: 0.5705110003489078
POS_at_50_accent: 0.5878325069310337
POS_at_100_accent: 0.5954984190561773
NEG_at_1_accent: 0.0431179669644437
NEG_at_5_accent: 0.5487672632277609
NEG_at_10_accent: 0.5589543981491486
NEG_at_20_accent: 0.5893722174812447
NEG_at_50_accent: 0.5971261748964061
NEG_at_100_accent: 0.5972312279481972
