this experiment is for Neucheckpoints/ConsistencyExp/Pinterest/VAE/VAE_Pinterest_perf2_epoch3_hr0.0517.pt and VAE
users_DEL_lxr: 0.0012552903795009132
users_INS_lxr: 0.0007181765906664258
NDCG_lxr: 0.1498799472676989
POS_at_1_lxr: 0.0028355388535302125
POS_at_5_lxr: 0.2678679064032028
POS_at_10_lxr: 0.36621809061503807
POS_at_20_lxr: 0.38125638383016575
POS_at_50_lxr: 0.3866352414261358
POS_at_100_lxr: 0.388554412739432
NEG_at_1_lxr: 0.002020770364449329
NEG_at_5_lxr: 0.2943467030737195
NEG_at_10_lxr: 0.3777970270529241
NEG_at_20_lxr: 0.3864295345240241
NEG_at_50_lxr: 0.38952859012199637
NEG_at_100_lxr: 0.39000526208501823
users_DEL_jaccard: 0.0012010442179585339
users_INS_jaccard: 0.0008188821419328634
NDCG_jaccard: 0.1450096375561899
POS_at_1_jaccard: 0.0015766130471498545
POS_at_5_jaccard: 0.2442622668032341
POS_at_10_jaccard: 0.34950734290841706
POS_at_20_jaccard: 0.3704937501604837
POS_at_50_jaccard: 0.38205530836341844
POS_at_100_jaccard: 0.3852302449524135
NEG_at_1_jaccard: 0.0014427491259105176
NEG_at_5_jaccard: 0.27523957441169933
NEG_at_10_jaccard: 0.3754809541211429
NEG_at_20_jaccard: 0.3875391569421472
NEG_at_50_jaccard: 0.38984705926900803
NEG_at_100_jaccard: 0.38984705926900803
users_DEL_cosine: 0.0012051716392915115
users_INS_cosine: 0.0008136811128143213
NDCG_cosine: 0.14488636086402076
POS_at_1_cosine: 0.0015766130471498545
POS_at_5_cosine: 0.24396354773175039
POS_at_10_cosine: 0.350065651031175
POS_at_20_cosine: 0.3710720693434541
POS_at_50_cosine: 0.38197225188501316
POS_at_100_cosine: 0.38510719831773893
NEG_at_1_cosine: 0.0014427491259105176
NEG_at_5_cosine: 0.2755294406921007
NEG_at_10_cosine: 0.3761495811897088
NEG_at_20_cosine: 0.3875391569421472
NEG_at_50_cosine: 0.38984705926900803
NEG_at_100_cosine: 0.38984705926900803
users_DEL_lime: 0.0012560183011894128
users_INS_lime: 0.000733890317299963
NDCG_lime: 0.1489399781527535
POS_at_1_lime: 0.0009383284431369761
POS_at_5_lime: 0.27029373205303675
POS_at_10_lime: 0.3658515650281239
POS_at_20_lime: 0.3799223047075864
POS_at_50_lime: 0.38528801794187106
POS_at_100_lime: 0.3868068482402083
NEG_at_1_lime: 0.000738174172417009
NEG_at_5_lime: 0.2885196553555317
NEG_at_10_lime: 0.3762578059421787
NEG_at_20_lime: 0.38582719410465227
NEG_at_50_lime: 0.38913247167012177
NEG_at_100_lime: 0.3895719239368165
users_DEL_shap: 0.0013594342629035191
users_INS_shap: 0.0005552208153386134
NDCG_shap: 0.1505645258538212
POS_at_1_shap: 0.001862047144439171
POS_at_5_shap: 0.27372692645276925
POS_at_10_shap: 0.3701430592412361
POS_at_20_shap: 0.3823648532119513
POS_at_50_shap: 0.3873577089974748
POS_at_100_shap: 0.3881761823077185
NEG_at_1_shap: 0.0006595939690335182
NEG_at_5_shap: 0.2629571637800108
NEG_at_10_shap: 0.3689004100396714
NEG_at_20_shap: 0.38237737884086215
NEG_at_50_shap: 0.387596762985664
NEG_at_100_shap: 0.3884650744065196
users_DEL_accent: 0.0011295071384782042
users_INS_accent: 0.0009586032306761422
NDCG_accent: 0.14559667116059832
POS_at_1_accent: 0.004787832330310872
POS_at_5_accent: 0.23221007270553862
POS_at_10_accent: 0.33006000651614537
POS_at_20_accent: 0.3571292036151505
POS_at_50_accent: 0.3730499599192809
POS_at_100_accent: 0.3801426438226721
NEG_at_1_accent: 0.0024085583938705116
NEG_at_5_accent: 0.26482558446933413
NEG_at_10_accent: 0.3683927368998732
NEG_at_20_accent: 0.38254325117256005
NEG_at_50_accent: 0.38780589902331225
NEG_at_100_accent: 0.3897163699862171
