this experiment is for Neucheckpoints/ConsistencyExp/Yahoo/VAE/VAE_Yahoo_perf4_epoch9_hr0.3500.pt and VAE
users_DEL_lxr: 0.009375280953842812
users_INS_lxr: 0.014303299236887874
NDCG_lxr: 0.23644372647724193
POS_at_1_lxr: 0.015306267122643795
POS_at_5_lxr: 0.3325166106558152
POS_at_10_lxr: 0.42362131686035914
POS_at_20_lxr: 0.49326815788989226
POS_at_50_lxr: 0.554754262542307
POS_at_100_lxr: 0.5796741814240849
NEG_at_1_lxr: 0.06629310222203909
NEG_at_5_lxr: 0.4885457026503719
NEG_at_10_lxr: 0.5254674716587252
NEG_at_20_lxr: 0.5518188060387693
NEG_at_50_lxr: 0.5759262189186373
NEG_at_100_lxr: 0.5879862258888238
users_DEL_jaccard: 0.009062365965709638
users_INS_jaccard: 0.01571785734499953
NDCG_jaccard: 0.23545802664326274
POS_at_1_jaccard: 0.014636139850756385
POS_at_5_jaccard: 0.3372025683726291
POS_at_10_jaccard: 0.4237952539595557
POS_at_20_jaccard: 0.49295216939624936
POS_at_50_jaccard: 0.5504885215994396
POS_at_100_jaccard: 0.5751859412322516
NEG_at_1_jaccard: 0.0625951644704913
NEG_at_5_jaccard: 0.4807256247336365
NEG_at_10_jaccard: 0.5229506276902038
NEG_at_20_jaccard: 0.5529210748057087
NEG_at_50_jaccard: 0.5768345033598559
NEG_at_100_jaccard: 0.5887901735490589
users_DEL_cosine: 0.008984597884723064
users_INS_cosine: 0.015834988313258153
NDCG_cosine: 0.23288236593981046
POS_at_1_cosine: 0.013477840311587006
POS_at_5_cosine: 0.3300539657960355
POS_at_10_cosine: 0.4171797493980231
POS_at_20_cosine: 0.4886076230584239
POS_at_50_cosine: 0.5481299104833436
POS_at_100_cosine: 0.5748969587576406
NEG_at_1_cosine: 0.06678221868744842
NEG_at_5_cosine: 0.4838820454940155
NEG_at_10_cosine: 0.5258344408534581
NEG_at_20_cosine: 0.5531693877037221
NEG_at_50_cosine: 0.5766349025614526
NEG_at_100_cosine: 0.5887901735490589
users_DEL_lime: 0.010649757579930082
users_INS_lime: 0.012175621132991516
NDCG_lime: 0.2566801824066502
POS_at_1_lime: 0.023947840156121728
POS_at_5_lime: 0.385047604218603
POS_at_10_lime: 0.4653553479431232
POS_at_20_lime: 0.5212424402007699
POS_at_50_lime: 0.5624954658172254
POS_at_100_lime: 0.5802364435132928
NEG_at_1_lime: 0.048197601902807814
NEG_at_5_lime: 0.4645740558562932
NEG_at_10_lime: 0.5133128758412223
NEG_at_20_lime: 0.5464965279620002
NEG_at_50_lime: 0.5753084069235798
NEG_at_100_lime: 0.5881723615540014
users_DEL_shap: 0.010737754061598848
users_INS_shap: 0.011129164574768998
NDCG_shap: 0.2728871251709345
POS_at_1_shap: 0.03795014948521735
POS_at_5_shap: 0.41170506979049043
POS_at_10_shap: 0.48464353841246127
POS_at_20_shap: 0.5304221178926851
POS_at_50_shap: 0.5673608287112678
POS_at_100_shap: 0.583920841284517
NEG_at_1_shap: 0.03280354313754372
NEG_at_5_shap: 0.40506883021734524
NEG_at_10_shap: 0.4720693816903698
NEG_at_20_shap: 0.5272407793721513
NEG_at_50_shap: 0.5664430762019614
NEG_at_100_shap: 0.5844127589920037
users_DEL_accent: 0.009096466033307021
users_INS_accent: 0.014274328195961304
NDCG_accent: 0.25276383165176053
POS_at_1_accent: 0.033672630140569246
POS_at_5_accent: 0.3509794971608383
POS_at_10_accent: 0.42736091315283636
POS_at_20_accent: 0.49284041446842947
POS_at_50_accent: 0.5521533067227883
POS_at_100_accent: 0.5772680407694412
NEG_at_1_accent: 0.04456462422988395
NEG_at_5_accent: 0.4533406593566064
NEG_at_10_accent: 0.5077320444027371
NEG_at_20_accent: 0.5472771775076197
NEG_at_50_accent: 0.5766984119063991
NEG_at_100_accent: 0.5887901735490589
