this experiment is for Neucheckpoints/ConsistencyExp/Yahoo/VAE/VAE_Yahoo_perf1_epoch1_hr0.0971.pt and VAE
users_DEL_lxr: 0.0012771536015792307
users_INS_lxr: 0.0009973041156629938
NDCG_lxr: 0.3013724020794662
POS_at_1_lxr: 0.00039920159680638726
POS_at_5_lxr: 0.5867062461657303
POS_at_10_lxr: 0.5972312279481972
POS_at_20_lxr: 0.5972312279481972
POS_at_50_lxr: 0.5972312279481972
POS_at_100_lxr: 0.5972312279481972
NEG_at_1_lxr: 0.00039920159680638726
NEG_at_5_lxr: 0.5859482569151612
NEG_at_10_lxr: 0.5972312279481972
NEG_at_20_lxr: 0.5972312279481972
NEG_at_50_lxr: 0.5972312279481972
NEG_at_100_lxr: 0.5972312279481972
users_DEL_jaccard: 0.001212008230152724
users_INS_jaccard: 0.0010837657215103246
NDCG_jaccard: 0.30286629320235575
POS_at_1_jaccard: 0.0007984031936127745
POS_at_5_jaccard: 0.5785794844917154
POS_at_10_jaccard: 0.5972312279481972
POS_at_20_jaccard: 0.5972312279481972
POS_at_50_jaccard: 0.5972312279481972
POS_at_100_jaccard: 0.5972312279481972
NEG_at_1_jaccard: 0.00039920159680638726
NEG_at_5_jaccard: 0.5895719433428048
NEG_at_10_jaccard: 0.5972312279481972
NEG_at_20_jaccard: 0.5972312279481972
NEG_at_50_jaccard: 0.5972312279481972
NEG_at_100_jaccard: 0.5972312279481972
users_DEL_cosine: 0.0012160011676644442
users_INS_cosine: 0.001078173103734603
NDCG_cosine: 0.30259067952577096
POS_at_1_cosine: 0.0005988023952095809
POS_at_5_cosine: 0.578516119158889
POS_at_10_cosine: 0.5972312279481972
POS_at_20_cosine: 0.5972312279481972
POS_at_50_cosine: 0.5972312279481972
POS_at_100_cosine: 0.5972312279481972
NEG_at_1_cosine: 0.00039920159680638726
NEG_at_5_cosine: 0.5895719433428048
NEG_at_10_cosine: 0.5972312279481972
NEG_at_20_cosine: 0.5972312279481972
NEG_at_50_cosine: 0.5972312279481972
NEG_at_100_cosine: 0.5972312279481972
users_DEL_lime: 0.0012243165176378532
users_INS_lime: 0.0010632944474333384
NDCG_lime: 0.3025764197253774
POS_at_1_lime: 0.00039920159680638726
POS_at_5_lime: 0.5844327730643479
POS_at_10_lime: 0.5972312279481972
POS_at_20_lime: 0.5972312279481972
POS_at_50_lime: 0.5972312279481972
POS_at_100_lime: 0.5972312279481972
NEG_at_1_lime: 0.00039920159680638726
NEG_at_5_lime: 0.5882135490203386
NEG_at_10_lime: 0.5972312279481972
NEG_at_20_lime: 0.5972312279481972
NEG_at_50_lime: 0.5972312279481972
NEG_at_100_lime: 0.5972312279481972
users_DEL_shap: 0.001234040569553423
users_INS_shap: 0.0010492836426198699
NDCG_shap: 0.30268496097305264
POS_at_1_shap: 0.0005988023952095809
POS_at_5_shap: 0.5831308471464365
POS_at_10_shap: 0.5972312279481972
POS_at_20_shap: 0.5972312279481972
POS_at_50_shap: 0.5972312279481972
POS_at_100_shap: 0.5972312279481972
NEG_at_1_shap: 0.00039920159680638726
NEG_at_5_shap: 0.5863193576051892
NEG_at_10_shap: 0.5972312279481972
NEG_at_20_shap: 0.5972312279481972
NEG_at_50_shap: 0.5972312279481972
NEG_at_100_shap: 0.5972312279481972
users_DEL_accent: 0.0011720289296484547
users_INS_accent: 0.0011495104933626715
NDCG_accent: 0.3033868056104664
POS_at_1_accent: 0.0005988023952095809
POS_at_5_accent: 0.576488894741662
POS_at_10_accent: 0.5972312279481972
POS_at_20_accent: 0.5972312279481972
POS_at_50_accent: 0.5972312279481972
POS_at_100_accent: 0.5972312279481972
NEG_at_1_accent: 0.00039920159680638726
NEG_at_5_accent: 0.590078866005416
NEG_at_10_accent: 0.5972312279481972
NEG_at_20_accent: 0.5972312279481972
NEG_at_50_accent: 0.5972312279481972
NEG_at_100_accent: 0.5972312279481972
