this experiment is for Neucheckpoints/ConsistencyExp/Pinterest/VAE/VAE_Pinterest_perf4_epoch6_hr0.0846.pt and VAE
users_DEL_lxr: 0.0019379835661951555
users_INS_lxr: 0.0012431033163087005
NDCG_lxr: 0.14186856386361718
POS_at_1_lxr: 0.002386489479512735
POS_at_5_lxr: 0.20843748763701722
POS_at_10_lxr: 0.32330808934106203
POS_at_20_lxr: 0.35980144080656074
POS_at_50_lxr: 0.38091357604398635
POS_at_100_lxr: 0.38541877712352623
NEG_at_1_lxr: 0.0067774694091017685
NEG_at_5_lxr: 0.2642244444680783
NEG_at_10_lxr: 0.3642126836080163
NEG_at_20_lxr: 0.3830088513935255
NEG_at_50_lxr: 0.3888337286001432
NEG_at_100_lxr: 0.38934081025777567
users_DEL_jaccard: 0.0018190421267670126
users_INS_jaccard: 0.001464089896603626
NDCG_jaccard: 0.1352042512564805
POS_at_1_jaccard: 0.004140981026076684
POS_at_5_jaccard: 0.17473956857483489
POS_at_10_jaccard: 0.2940777013475502
POS_at_20_jaccard: 0.3422102291016989
POS_at_50_jaccard: 0.36798544528495425
POS_at_100_jaccard: 0.37903909518162016
NEG_at_1_jaccard: 0.010171350140442683
NEG_at_5_jaccard: 0.27975710233364415
NEG_at_10_jaccard: 0.36878134009096863
NEG_at_20_jaccard: 0.38529505462672464
NEG_at_50_jaccard: 0.38876031769674724
NEG_at_100_jaccard: 0.38983914912820755
users_DEL_cosine: 0.001824178393467112
users_INS_cosine: 0.0014552923067533202
NDCG_cosine: 0.13436413156718377
POS_at_1_cosine: 0.0029786069126199726
POS_at_5_cosine: 0.17254709917736516
POS_at_10_cosine: 0.29465584112800364
POS_at_20_cosine: 0.3419623211127538
POS_at_50_cosine: 0.3691560268874295
POS_at_100_cosine: 0.37947060457098925
NEG_at_1_cosine: 0.009480669951598481
NEG_at_5_cosine: 0.2807553169698764
NEG_at_10_cosine: 0.3695764836313473
NEG_at_20_cosine: 0.3856193703995454
NEG_at_50_cosine: 0.38890476374614774
NEG_at_100_cosine: 0.38983914912820755
users_DEL_lime: 0.0019266642543462793
users_INS_lime: 0.0012700965609237732
NDCG_lime: 0.13922786534466058
POS_at_1_lime: 0.0012850445813034287
POS_at_5_lime: 0.19694873979103206
POS_at_10_lime: 0.3207850333997579
POS_at_20_lime: 0.3598276928675978
POS_at_50_lime: 0.37758882981233544
POS_at_100_lime: 0.3837942001574619
NEG_at_1_lime: 0.007081384414451576
NEG_at_5_lime: 0.2802603972731175
NEG_at_10_lime: 0.37758268690825014
NEG_at_20_lime: 0.3889444705713503
NEG_at_50_lime: 0.39000526208501823
NEG_at_100_lime: 0.39000526208501823
users_DEL_shap: 0.002119419637853187
users_INS_shap: 0.0009154363456095242
NDCG_shap: 0.1487607902417274
POS_at_1_shap: 0.004794547650458391
POS_at_5_shap: 0.22918297714744426
POS_at_10_shap: 0.3445978634813387
POS_at_20_shap: 0.375131624098593
POS_at_50_shap: 0.3850898650857589
POS_at_100_shap: 0.3877060230876258
NEG_at_1_shap: 0.005131018183400455
NEG_at_5_shap: 0.2414198159656148
NEG_at_10_shap: 0.3459557431468825
NEG_at_20_shap: 0.3754002089689041
NEG_at_50_shap: 0.38539825328736343
NEG_at_100_shap: 0.3878893175218915
users_DEL_accent: 0.0016850454298788754
users_INS_accent: 0.0016745616391379606
NDCG_accent: 0.13201115141527275
POS_at_1_accent: 0.0046563375822168355
POS_at_5_accent: 0.16663701875743994
POS_at_10_accent: 0.2761160933415902
POS_at_20_accent: 0.3206994173657009
POS_at_50_accent: 0.3518691393345466
POS_at_100_accent: 0.3671588876004571
NEG_at_1_accent: 0.008342772575335106
NEG_at_5_accent: 0.24617220695816455
NEG_at_10_accent: 0.3514637472375804
NEG_at_20_accent: 0.3776854876399831
NEG_at_50_accent: 0.38863602729457875
NEG_at_100_accent: 0.3898348898216227
