this experiment is for Neucheckpoints/ConsistencyExp/Pinterest/VAE/VAE_Pinterest_perf2_epoch3_hr0.0517.pt and VAE
users_DEL_lxr: 0.001539877536382905
users_INS_lxr: 0.0008537542512481388
NDCG_lxr: 0.23653042887403103
POS_at_1_lxr: 0.028089534187622837
POS_at_5_lxr: 0.36993783265904817
POS_at_10_lxr: 0.3809275614140776
POS_at_20_lxr: 0.3843778989334603
POS_at_50_lxr: 0.3867173260814965
POS_at_100_lxr: 0.38774296181607343
NEG_at_1_lxr: 0.03810580396486764
NEG_at_5_lxr: 0.37875536820906
NEG_at_10_lxr: 0.386384434597285
NEG_at_20_lxr: 0.38825544587946625
NEG_at_50_lxr: 0.39000526208501823
NEG_at_100_lxr: 0.39000526208501823
users_DEL_jaccard: 0.0014665418041861988
users_INS_jaccard: 0.000999310322379239
NDCG_jaccard: 0.22514257982335478
POS_at_1_jaccard: 0.021997593160659877
POS_at_5_jaccard: 0.35622745467136735
POS_at_10_jaccard: 0.37345162689556916
POS_at_20_jaccard: 0.38049407804232455
POS_at_50_jaccard: 0.38432446933874526
POS_at_100_jaccard: 0.38611215867793774
NEG_at_1_jaccard: 0.046965230960138556
NEG_at_5_jaccard: 0.3825575705631197
NEG_at_10_jaccard: 0.3878602256073331
NEG_at_20_jaccard: 0.3888104869049765
NEG_at_50_jaccard: 0.3895719239368165
NEG_at_100_jaccard: 0.3898608160356176
users_DEL_cosine: 0.0014712365377453941
users_INS_cosine: 0.0009905826450295608
NDCG_cosine: 0.22524177344162483
POS_at_1_cosine: 0.023525007595849315
POS_at_5_cosine: 0.3554525456123368
POS_at_10_cosine: 0.3734648478723213
POS_at_20_cosine: 0.3808128983489049
POS_at_50_cosine: 0.3849874640347877
POS_at_100_cosine: 0.3862925515205093
NEG_at_1_cosine: 0.04693946230086754
NEG_at_5_cosine: 0.3819416748309448
NEG_at_10_cosine: 0.38792536794333726
NEG_at_20_cosine: 0.3888104869049765
NEG_at_50_cosine: 0.3895719239368165
NEG_at_100_cosine: 0.3898608160356176
users_DEL_lime: 0.0015240048355940857
users_INS_lime: 0.0008967365562944635
NDCG_lime: 0.23452706007512925
POS_at_1_lime: 0.026989882177251213
POS_at_5_lime: 0.36652421596684737
POS_at_10_lime: 0.3790481240416118
POS_at_20_lime: 0.382062313603116
POS_at_50_lime: 0.38491763460825307
POS_at_100_lime: 0.38550972271659134
NEG_at_1_lime: 0.03655568690882571
NEG_at_5_lime: 0.3848582544232713
NEG_at_10_lime: 0.38875791026259054
NEG_at_20_lime: 0.3890061769099977
NEG_at_50_lime: 0.38942747788741594
NEG_at_100_lime: 0.38942747788741594
users_DEL_shap: 0.001680789423564437
users_INS_shap: 0.0006536067419146157
NDCG_shap: 0.24181247796308888
POS_at_1_shap: 0.036029852598331344
POS_at_5_shap: 0.3793593419657177
POS_at_10_shap: 0.38486959494545536
POS_at_20_shap: 0.38618677807223445
POS_at_50_shap: 0.38772324076709824
POS_at_100_shap: 0.3881978492151286
NEG_at_1_shap: 0.029410932456135786
NEG_at_5_shap: 0.3765539189882734
NEG_at_10_shap: 0.3850244490748566
NEG_at_20_shap: 0.38593861324300116
NEG_at_50_shap: 0.3872348755524583
NEG_at_100_shap: 0.3884729845473201
users_DEL_accent: 0.0013755116152460104
users_INS_accent: 0.0011597143822004747
NDCG_accent: 0.2278348374912471
POS_at_1_accent: 0.0421899149496622
POS_at_5_accent: 0.33878723165240787
POS_at_10_accent: 0.3588718278302412
POS_at_20_accent: 0.3705076539200688
POS_at_50_accent: 0.37967257269119736
POS_at_100_accent: 0.3825748939503235
NEG_at_1_accent: 0.043686325583658286
NEG_at_5_accent: 0.3792681487973916
NEG_at_10_accent: 0.38724099268778617
NEG_at_20_accent: 0.3886462655035747
NEG_at_50_accent: 0.38942747788741594
NEG_at_100_accent: 0.3897163699862171
