this experiment is for Neucheckpoints/ConsistencyExp/ML1M/VAE/VAE_ML1M_perf4_epoch12_hr0.1225.pt and VAE
users_DEL_lxr: 0.0010362698356436175
users_INS_lxr: 0.00123970425356412
NDCG_lxr: 0.08069739797248553
POS_at_1_lxr: 0.0
POS_at_5_lxr: 0.13463739187527676
POS_at_10_lxr: 0.20453571346951016
POS_at_20_lxr: 0.21475206626819185
POS_at_50_lxr: 0.21616649342519326
POS_at_100_lxr: 0.21616649342519326
NEG_at_1_lxr: 0.0009000900090009002
NEG_at_5_lxr: 0.17322487278769758
NEG_at_10_lxr: 0.2129071612807987
NEG_at_20_lxr: 0.21475206626819185
NEG_at_50_lxr: 0.21616649342519326
NEG_at_100_lxr: 0.21616649342519326
users_DEL_jaccard: 0.0009443057016869747
users_INS_jaccard: 0.001572284317327151
NDCG_jaccard: 0.08033882632483334
POS_at_1_jaccard: 0.0
POS_at_5_jaccard: 0.12526330183728074
POS_at_10_jaccard: 0.1978277651424271
POS_at_20_jaccard: 0.21475206626819185
POS_at_50_jaccard: 0.21616649342519326
POS_at_100_jaccard: 0.21616649342519326
NEG_at_1_jaccard: 0.0013501350135013501
NEG_at_5_jaccard: 0.1625597059845714
NEG_at_10_jaccard: 0.21217281674660102
NEG_at_20_jaccard: 0.21475206626819185
NEG_at_50_jaccard: 0.21616649342519326
NEG_at_100_jaccard: 0.21616649342519326
users_DEL_cosine: 0.0009438925698652755
users_INS_cosine: 0.0015712837221189596
NDCG_cosine: 0.07976291110781197
POS_at_1_cosine: 0.0
POS_at_5_cosine: 0.1260094743187827
POS_at_10_cosine: 0.19556532671479498
POS_at_20_cosine: 0.21475206626819185
POS_at_50_cosine: 0.21616649342519326
POS_at_100_cosine: 0.21616649342519326
NEG_at_1_cosine: 0.0018001800180018003
NEG_at_5_cosine: 0.1693206048215365
NEG_at_10_cosine: 0.21188161115545368
NEG_at_20_cosine: 0.21475206626819185
NEG_at_50_cosine: 0.21616649342519326
NEG_at_100_cosine: 0.21616649342519326
users_DEL_lime: 0.001050453150193501
users_INS_lime: 0.0011362029693224272
NDCG_lime: 0.07967122733872307
POS_at_1_lime: 0.0
POS_at_5_lime: 0.13757843422313196
POS_at_10_lime: 0.19781161351077084
POS_at_20_lime: 0.21475206626819185
POS_at_50_lime: 0.21616649342519326
POS_at_100_lime: 0.21616649342519326
NEG_at_1_lime: 0.0026263678999478898
NEG_at_5_lime: 0.18757266395749117
NEG_at_10_lime: 0.21475206626819185
NEG_at_20_lime: 0.21475206626819185
NEG_at_50_lime: 0.21616649342519326
NEG_at_100_lime: 0.21616649342519326
users_DEL_shap: 0.0010648100854087426
users_INS_shap: 0.0011199618901821182
NDCG_shap: 0.08474147938021119
POS_at_1_shap: 0.0
POS_at_5_shap: 0.14978890756134994
POS_at_10_shap: 0.20400884908933112
POS_at_20_shap: 0.21475206626819185
POS_at_50_shap: 0.21616649342519326
POS_at_100_shap: 0.21616649342519326
NEG_at_1_shap: 0.0009000900090009002
NEG_at_5_shap: 0.14963746573663347
NEG_at_10_shap: 0.20509217859739162
NEG_at_20_shap: 0.21475206626819185
NEG_at_50_shap: 0.21616649342519326
NEG_at_100_shap: 0.21616649342519326
users_DEL_accent: 0.0009201790629514273
users_INS_accent: 0.0015576986611537938
NDCG_accent: 0.08409412362721566
POS_at_1_accent: 0.0
POS_at_5_accent: 0.15012683814911537
POS_at_10_accent: 0.20123605938800074
POS_at_20_accent: 0.21475206626819185
POS_at_50_accent: 0.21616649342519326
POS_at_100_accent: 0.21616649342519326
NEG_at_1_accent: 0.0009000900090009002
NEG_at_5_accent: 0.16568493108195267
NEG_at_10_accent: 0.21094079309174685
NEG_at_20_accent: 0.21475206626819185
NEG_at_50_accent: 0.21616649342519326
NEG_at_100_accent: 0.21616649342519326
