this experiment is for Neucheckpoints/ConsistencyExp/Pinterest/VAE/VAE_Pinterest_perf2_epoch3_hr0.0517.pt and VAE
users_DEL_lxr: 0.0013274526282799706
users_INS_lxr: 0.0007985078398346599
NDCG_lxr: 0.1630006554197201
POS_at_1_lxr: 0.002837734292355819
POS_at_5_lxr: 0.32150397074033266
POS_at_10_lxr: 0.3704354803894345
POS_at_20_lxr: 0.37931544221625224
POS_at_50_lxr: 0.38469784787766514
POS_at_100_lxr: 0.38709222089955175
NEG_at_1_lxr: 0.0077784807297569935
NEG_at_5_lxr: 0.34860690137454226
NEG_at_10_lxr: 0.3828374689925803
NEG_at_20_lxr: 0.3875477243362696
NEG_at_50_lxr: 0.3890227393329553
NEG_at_100_lxr: 0.38968885645299794
users_DEL_jaccard: 0.001267138750446065
users_INS_jaccard: 0.0009203221889359302
NDCG_jaccard: 0.15527522735459498
POS_at_1_jaccard: 0.0018895448044660814
POS_at_5_jaccard: 0.2866776275134606
POS_at_10_jaccard: 0.34912519967251954
POS_at_20_jaccard: 0.3685100756154707
POS_at_50_jaccard: 0.379139397900269
POS_at_100_jaccard: 0.3843386865569303
NEG_at_1_jaccard: 0.009317906094953617
NEG_at_5_jaccard: 0.3577178526766368
NEG_at_10_jaccard: 0.3858463226313708
NEG_at_20_jaccard: 0.38942638359916293
NEG_at_50_jaccard: 0.39000526208501823
NEG_at_100_jaccard: 0.39000526208501823
users_DEL_cosine: 0.0012690809707545637
users_INS_cosine: 0.0009178050433114617
NDCG_cosine: 0.1547823654475313
POS_at_1_cosine: 0.001761765606919442
POS_at_5_cosine: 0.28592318866750166
POS_at_10_cosine: 0.349179342930756
POS_at_20_cosine: 0.36814333704971947
POS_at_50_cosine: 0.37910898820565836
POS_at_100_cosine: 0.3843386865569303
NEG_at_1_cosine: 0.009619929652791128
NEG_at_5_cosine: 0.3582730026317144
NEG_at_10_cosine: 0.38551409671774955
NEG_at_20_cosine: 0.38953712557037
NEG_at_50_cosine: 0.39000526208501823
NEG_at_100_cosine: 0.39000526208501823
users_DEL_lime: 0.0013171699660739717
users_INS_lime: 0.0008248235909050393
NDCG_lime: 0.1638066531116704
POS_at_1_lime: 0.0038122825355039807
POS_at_5_lime: 0.3186551526773022
POS_at_10_lime: 0.366984996270919
POS_at_20_lime: 0.3781278001667005
POS_at_50_lime: 0.38422840083311
POS_at_100_lime: 0.3857744029061596
NEG_at_1_lime: 0.005330318899219664
NEG_at_5_lime: 0.35852036358809036
NEG_at_10_lime: 0.38690500158403945
NEG_at_20_lime: 0.38810579653540095
NEG_at_50_lime: 0.38928303183801544
NEG_at_100_lime: 0.38942747788741594
users_DEL_shap: 0.001463818883608769
users_INS_shap: 0.0005889149091242228
NDCG_shap: 0.16808498167145822
POS_at_1_shap: 0.004800528320958721
POS_at_5_shap: 0.32992931557557126
POS_at_10_shap: 0.372355642999292
POS_at_20_shap: 0.3839585583304452
POS_at_50_shap: 0.3880346324197095
POS_at_100_shap: 0.3889808988513527
NEG_at_1_shap: 0.004221154452548307
NEG_at_5_shap: 0.33106571932604895
NEG_at_10_shap: 0.3748023690188754
NEG_at_20_shap: 0.3835946838087291
NEG_at_50_shap: 0.3877688894998084
NEG_at_100_shap: 0.3886996494006679
users_DEL_accent: 0.0011950038089288014
users_INS_accent: 0.001060875119990364
NDCG_accent: 0.16080244358203835
POS_at_1_accent: 0.009796790973177113
POS_at_5_accent: 0.2857098094218794
POS_at_10_accent: 0.33645770690934534
POS_at_20_accent: 0.35911031549334566
POS_at_50_accent: 0.3733286485781379
POS_at_100_accent: 0.3810822255518035
NEG_at_1_accent: 0.007352410737865019
NEG_at_5_accent: 0.3453974740846821
NEG_at_10_accent: 0.3783395980728248
NEG_at_20_accent: 0.3865350272027091
NEG_at_50_accent: 0.38878887430059256
NEG_at_100_accent: 0.38928303183801544
