this experiment is for Neucheckpoints/ConsistencyExp/Yahoo/VAE/VAE_Yahoo_perf1_epoch1_hr0.0971.pt and VAE
users_DEL_lxr: 0.0012499224677826723
users_INS_lxr: 0.0009991314956097617
NDCG_lxr: 0.26077633661748345
POS_at_1_lxr: 0.0
POS_at_5_lxr: 0.5613286150799502
POS_at_10_lxr: 0.5972312279481972
POS_at_20_lxr: 0.5972312279481972
POS_at_50_lxr: 0.5972312279481972
POS_at_100_lxr: 0.5972312279481972
NEG_at_1_lxr: 0.0
NEG_at_5_lxr: 0.5667570037662538
NEG_at_10_lxr: 0.5972312279481972
NEG_at_20_lxr: 0.5972312279481972
NEG_at_50_lxr: 0.5972312279481972
NEG_at_100_lxr: 0.5972312279481972
users_DEL_jaccard: 0.001194103354597372
users_INS_jaccard: 0.0010753222695946067
NDCG_jaccard: 0.2621255865674838
POS_at_1_jaccard: 0.0
POS_at_5_jaccard: 0.5504174435966737
POS_at_10_jaccard: 0.5972312279481972
POS_at_20_jaccard: 0.5972312279481972
POS_at_50_jaccard: 0.5972312279481972
POS_at_100_jaccard: 0.5972312279481972
NEG_at_1_jaccard: 0.0
NEG_at_5_jaccard: 0.574236125085265
NEG_at_10_jaccard: 0.5972312279481972
NEG_at_20_jaccard: 0.5972312279481972
NEG_at_50_jaccard: 0.5972312279481972
NEG_at_100_jaccard: 0.5972312279481972
users_DEL_cosine: 0.0011973324186192677
users_INS_cosine: 0.0010713503741520123
NDCG_cosine: 0.2620725020838361
POS_at_1_cosine: 0.0
POS_at_5_cosine: 0.5505965908842355
POS_at_10_cosine: 0.5972312279481972
POS_at_20_cosine: 0.5972312279481972
POS_at_50_cosine: 0.5972312279481972
POS_at_100_cosine: 0.5972312279481972
NEG_at_1_cosine: 0.0
NEG_at_5_cosine: 0.574248412412116
NEG_at_10_cosine: 0.5972312279481972
NEG_at_20_cosine: 0.5972312279481972
NEG_at_50_cosine: 0.5972312279481972
NEG_at_100_cosine: 0.5972312279481972
users_DEL_lime: 0.001206611237583408
users_INS_lime: 0.0010540288338530982
NDCG_lime: 0.2618324452557734
POS_at_1_lime: 0.0
POS_at_5_lime: 0.5564985097290476
POS_at_10_lime: 0.5972312279481972
POS_at_20_lime: 0.5972312279481972
POS_at_50_lime: 0.5972312279481972
POS_at_100_lime: 0.5972312279481972
NEG_at_1_lime: 0.0
NEG_at_5_lime: 0.5698171527796311
NEG_at_10_lime: 0.5972312279481972
NEG_at_20_lime: 0.5972312279481972
NEG_at_50_lime: 0.5972312279481972
NEG_at_100_lime: 0.5972312279481972
users_DEL_shap: 0.001216244118740895
users_INS_shap: 0.001040214228772896
NDCG_shap: 0.2619085101595799
POS_at_1_shap: 0.0
POS_at_5_shap: 0.558439734265289
POS_at_10_shap: 0.5972312279481972
POS_at_20_shap: 0.5972312279481972
POS_at_50_shap: 0.5972312279481972
POS_at_100_shap: 0.5972312279481972
NEG_at_1_shap: 0.0
NEG_at_5_shap: 0.5690529397575806
NEG_at_10_shap: 0.5972312279481972
NEG_at_20_shap: 0.5972312279481972
NEG_at_50_shap: 0.5972312279481972
NEG_at_100_shap: 0.5972312279481972
users_DEL_accent: 0.0011564969637830665
users_INS_accent: 0.0011375323920874817
NDCG_accent: 0.2632578862205898
POS_at_1_accent: 0.0
POS_at_5_accent: 0.550265852653511
POS_at_10_accent: 0.5972312279481972
POS_at_20_accent: 0.5972312279481972
POS_at_50_accent: 0.5972312279481972
POS_at_100_accent: 0.5972312279481972
NEG_at_1_accent: 0.0
NEG_at_5_accent: 0.574461581772422
NEG_at_10_accent: 0.5972312279481972
NEG_at_20_accent: 0.5972312279481972
NEG_at_50_accent: 0.5972312279481972
NEG_at_100_accent: 0.5972312279481972
