this experiment is for Neucheckpoints/ConsistencyExp/ML1M/VAE/VAE_ML1M_perf1_epoch8_hr0.0952.pt and VAE
users_DEL_lxr: 0.0010780848133225766
users_INS_lxr: 0.0011612791589961124
NDCG_lxr: 0.20117775872644653
POS_at_1_lxr: 0.18331791830970628
POS_at_5_lxr: 0.21396627340319108
POS_at_10_lxr: 0.21616649342519326
POS_at_20_lxr: 0.21616649342519326
POS_at_50_lxr: 0.21616649342519326
POS_at_100_lxr: 0.21616649342519326
NEG_at_1_lxr: 0.1984421068943752
NEG_at_5_lxr: 0.21506638341419212
NEG_at_10_lxr: 0.21616649342519326
NEG_at_20_lxr: 0.21616649342519326
NEG_at_50_lxr: 0.21616649342519326
NEG_at_100_lxr: 0.21616649342519326
users_DEL_jaccard: 0.0009659693678793583
users_INS_jaccard: 0.0015278711236927957
NDCG_jaccard: 0.20324920114134273
POS_at_1_jaccard: 0.18826555762781372
POS_at_5_jaccard: 0.2134162183976905
POS_at_10_jaccard: 0.21451632840869164
POS_at_20_jaccard: 0.2156164384196927
POS_at_50_jaccard: 0.21616649342519326
POS_at_100_jaccard: 0.21616649342519326
NEG_at_1_jaccard: 0.18651951383550766
NEG_at_5_jaccard: 0.21616649342519326
NEG_at_10_jaccard: 0.21616649342519326
NEG_at_20_jaccard: 0.21616649342519326
NEG_at_50_jaccard: 0.21616649342519326
NEG_at_100_jaccard: 0.21616649342519326
users_DEL_cosine: 0.0009699594739069236
users_INS_cosine: 0.0015118398613632189
NDCG_cosine: 0.20269524563768734
POS_at_1_cosine: 0.1871685634990868
POS_at_5_cosine: 0.2134162183976905
POS_at_10_cosine: 0.21396627340319108
POS_at_20_cosine: 0.2156164384196927
POS_at_50_cosine: 0.21616649342519326
POS_at_100_cosine: 0.21616649342519326
NEG_at_1_cosine: 0.19167484180702143
NEG_at_5_cosine: 0.21616649342519326
NEG_at_10_cosine: 0.21616649342519326
NEG_at_20_cosine: 0.21616649342519326
NEG_at_50_cosine: 0.21616649342519326
NEG_at_100_cosine: 0.21616649342519326
users_DEL_lime: 0.0011551511166271366
users_INS_lime: 0.0009830881573342578
NDCG_lime: 0.19943611385407983
POS_at_1_lime: 0.17946020061871504
POS_at_5_lime: 0.21176605338118887
POS_at_10_lime: 0.2134162183976905
POS_at_20_lime: 0.21506638341419212
POS_at_50_lime: 0.21616649342519326
POS_at_100_lime: 0.21616649342519326
NEG_at_1_lime: 0.19771582881319355
NEG_at_5_lime: 0.21616649342519326
NEG_at_10_lime: 0.21616649342519326
NEG_at_20_lime: 0.21616649342519326
NEG_at_50_lime: 0.21616649342519326
NEG_at_100_lime: 0.21616649342519326
users_DEL_shap: 0.0010936574268139284
users_INS_shap: 0.0011102564042805047
NDCG_shap: 0.2032401693800827
POS_at_1_shap: 0.18628386547476755
POS_at_5_shap: 0.21616649342519326
POS_at_10_shap: 0.21616649342519326
POS_at_20_shap: 0.21616649342519326
POS_at_50_shap: 0.21616649342519326
POS_at_100_shap: 0.21616649342519326
NEG_at_1_shap: 0.17550050852877774
NEG_at_5_shap: 0.2123161083866894
NEG_at_10_shap: 0.21396627340319108
NEG_at_20_shap: 0.21396627340319108
NEG_at_50_shap: 0.21616649342519326
NEG_at_100_shap: 0.21616649342519326
users_DEL_accent: 0.0009403838241903456
users_INS_accent: 0.0015431426218545238
NDCG_accent: 0.20791498029061864
POS_at_1_accent: 0.19889631167846608
POS_at_5_accent: 0.21506638341419212
POS_at_10_accent: 0.21616649342519326
POS_at_20_accent: 0.21616649342519326
POS_at_50_accent: 0.21616649342519326
POS_at_100_accent: 0.21616649342519326
NEG_at_1_accent: 0.17896735552747822
NEG_at_5_accent: 0.21297617439329006
NEG_at_10_accent: 0.21616649342519326
NEG_at_20_accent: 0.21616649342519326
NEG_at_50_accent: 0.21616649342519326
NEG_at_100_accent: 0.21616649342519326
