this experiment is for Neucheckpoints/ConsistencyExp/Pinterest/VAE/VAE_Pinterest_perf3_epoch4_hr0.0671.pt and VAE
users_DEL_lxr: 0.002243461792773897
users_INS_lxr: 0.0012078637382331296
NDCG_lxr: 0.3405801376724044
POS_at_1_lxr: 0.28882341065682293
POS_at_5_lxr: 0.37277888822702104
POS_at_10_lxr: 0.3819175347413686
POS_at_20_lxr: 0.38577510661768233
POS_at_50_lxr: 0.3874755990570163
POS_at_100_lxr: 0.38855770631852554
NEG_at_1_lxr: 0.33522535435857714
NEG_at_5_lxr: 0.38455201047851295
NEG_at_10_lxr: 0.3879229753602354
NEG_at_20_lxr: 0.3884629284496613
NEG_at_50_lxr: 0.3890560451889575
NEG_at_100_lxr: 0.3890560451889575
users_DEL_jaccard: 0.002132722415443777
users_INS_jaccard: 0.0014171027645955667
NDCG_jaccard: 0.3299538428467589
POS_at_1_jaccard: 0.274532009413469
POS_at_5_jaccard: 0.35834326883658174
POS_at_10_jaccard: 0.3700174696009425
POS_at_20_jaccard: 0.37632824244153795
POS_at_50_jaccard: 0.38218952217842167
POS_at_100_jaccard: 0.3848280679565024
NEG_at_1_jaccard: 0.3208233261359098
NEG_at_5_jaccard: 0.3845321356159362
NEG_at_10_jaccard: 0.3882413006865053
NEG_at_20_jaccard: 0.38921424800496757
NEG_at_50_jaccard: 0.38968885645299794
NEG_at_100_jaccard: 0.39000526208501823
users_DEL_cosine: 0.002134243798359999
users_INS_cosine: 0.0014100096611284743
NDCG_cosine: 0.32822129491519514
POS_at_1_cosine: 0.27099212644079834
POS_at_5_cosine: 0.35903290186197034
POS_at_10_cosine: 0.36992516749437826
POS_at_20_cosine: 0.3760601442245737
POS_at_50_cosine: 0.3821769378635118
POS_at_100_cosine: 0.3845188533615735
NEG_at_1_cosine: 0.3213824924453369
NEG_at_5_cosine: 0.384981431613405
NEG_at_10_cosine: 0.3882413006865053
NEG_at_20_cosine: 0.38921424800496757
NEG_at_50_cosine: 0.38968885645299794
NEG_at_100_cosine: 0.39000526208501823
users_DEL_lime: 0.0022359865788423197
users_INS_lime: 0.0012381676790166089
NDCG_lime: 0.3420156723972206
POS_at_1_lime: 0.29288172705320914
POS_at_5_lime: 0.3710560160517129
POS_at_10_lime: 0.3791485158121152
POS_at_20_lime: 0.3837209786701175
POS_at_50_lime: 0.38579706717914886
POS_at_100_lime: 0.3865564406959974
NEG_at_1_lime: 0.32772011017791497
NEG_at_5_lime: 0.3852727744348454
NEG_at_10_lime: 0.3881053900854784
NEG_at_20_lime: 0.38858862777801845
NEG_at_50_lime: 0.38937245082097766
NEG_at_100_lime: 0.38937245082097766
users_DEL_shap: 0.0024599646903670997
users_INS_shap: 0.0009249429278101606
NDCG_shap: 0.354593810679097
POS_at_1_shap: 0.31163348591520407
POS_at_5_shap: 0.3822049233425586
POS_at_10_shap: 0.3875569738602944
POS_at_20_shap: 0.3886466094227399
POS_at_50_shap: 0.38923986998277793
POS_at_100_shap: 0.389694703078807
NEG_at_1_shap: 0.31357994066167305
NEG_at_5_shap: 0.3785033870060982
NEG_at_10_shap: 0.38559624297842354
NEG_at_20_shap: 0.3880049615753629
NEG_at_50_shap: 0.38938431603217843
NEG_at_100_shap: 0.38983914912820755
users_DEL_accent: 0.001992741847229547
users_INS_accent: 0.0016082557702884136
NDCG_accent: 0.32152104164745815
POS_at_1_accent: 0.26737759034559266
POS_at_5_accent: 0.3453424443988232
POS_at_10_accent: 0.3629450571074571
POS_at_20_accent: 0.3712988782508192
POS_at_50_accent: 0.3783925275816006
POS_at_100_accent: 0.3822416176212437
NEG_at_1_accent: 0.2771368287544004
NEG_at_5_accent: 0.3747730629875412
NEG_at_10_accent: 0.3830935686458078
NEG_at_20_accent: 0.38631906456161136
NEG_at_50_accent: 0.38767277729406163
NEG_at_100_accent: 0.388114882254439
