this experiment is for Neucheckpoints/ConsistencyExp/ML1M/VAE/VAE_ML1M_perf1_epoch8_hr0.0952.pt and VAE
users_DEL_lxr: 0.0008947735835427767
users_INS_lxr: 0.0009539035524261145
NDCG_lxr: 0.0850897945987928
POS_at_1_lxr: 0.0028288543140028285
POS_at_5_lxr: 0.1503970874716479
POS_at_10_lxr: 0.2085383024466557
POS_at_20_lxr: 0.21526640341619233
POS_at_50_lxr: 0.21616649342519326
POS_at_100_lxr: 0.21616649342519326
NEG_at_1_lxr: 0.0014144271570014143
NEG_at_5_lxr: 0.16681375349945773
NEG_at_10_lxr: 0.21560072256239268
NEG_at_20_lxr: 0.21616649342519326
NEG_at_50_lxr: 0.21616649342519326
NEG_at_100_lxr: 0.21616649342519326
users_DEL_jaccard: 0.0007978398050460997
users_INS_jaccard: 0.001245033542103374
NDCG_jaccard: 0.08362904598205237
POS_at_1_jaccard: 0.0014144271570014143
POS_at_5_jaccard: 0.15402016694012
POS_at_10_jaccard: 0.2069519540651907
POS_at_20_jaccard: 0.21616649342519326
POS_at_50_jaccard: 0.21616649342519326
POS_at_100_jaccard: 0.21616649342519326
NEG_at_1_jaccard: 0.0014144271570014143
NEG_at_5_jaccard: 0.1629440220920835
NEG_at_10_jaccard: 0.2131916337272419
NEG_at_20_jaccard: 0.21616649342519326
NEG_at_50_jaccard: 0.21616649342519326
NEG_at_100_jaccard: 0.21616649342519326
users_DEL_cosine: 0.0008007489216668844
users_INS_cosine: 0.0012358623697057342
NDCG_cosine: 0.08347138265043105
POS_at_1_cosine: 0.0014144271570014143
POS_at_5_cosine: 0.15289328116843176
POS_at_10_cosine: 0.20690480649329068
POS_at_20_cosine: 0.21616649342519326
POS_at_50_cosine: 0.21616649342519326
POS_at_100_cosine: 0.21616649342519326
NEG_at_1_cosine: 0.0014144271570014143
NEG_at_5_cosine: 0.166233219090644
NEG_at_10_cosine: 0.2148889463156436
NEG_at_20_cosine: 0.21616649342519326
NEG_at_50_cosine: 0.21616649342519326
NEG_at_100_cosine: 0.21616649342519326
users_DEL_lime: 0.000931539515492546
users_INS_lime: 0.0008448381960607253
NDCG_lime: 0.08405390686014393
POS_at_1_lime: 0.0014144271570014143
POS_at_5_lime: 0.15077882787756194
POS_at_10_lime: 0.2074774217530491
POS_at_20_lime: 0.21526640341619233
POS_at_50_lime: 0.21616649342519326
POS_at_100_lime: 0.21616649342519326
NEG_at_1_lime: 0.0014144271570014143
NEG_at_5_lime: 0.17288378653076159
NEG_at_10_lime: 0.21616649342519326
NEG_at_20_lime: 0.21616649342519326
NEG_at_50_lime: 0.21616649342519326
NEG_at_100_lime: 0.21616649342519326
users_DEL_shap: 0.0008974570135305679
users_INS_shap: 0.0009253877070598868
NDCG_shap: 0.08590296588639174
POS_at_1_shap: 0.0014144271570014143
POS_at_5_shap: 0.16498567872368786
POS_at_10_shap: 0.21285400764091636
POS_at_20_shap: 0.21616649342519326
POS_at_50_shap: 0.21616649342519326
POS_at_100_shap: 0.21616649342519326
NEG_at_1_shap: 0.0014144271570014143
NEG_at_5_shap: 0.14573310086808242
NEG_at_10_shap: 0.20879928827054003
NEG_at_20_shap: 0.21526640341619233
NEG_at_50_shap: 0.21616649342519326
NEG_at_100_shap: 0.21616649342519326
users_DEL_accent: 0.0007731006410651445
users_INS_accent: 0.001262785105423237
NDCG_accent: 0.08570518157325502
POS_at_1_accent: 0.0028288543140028285
POS_at_5_accent: 0.15172321323714502
POS_at_10_accent: 0.20591316546081784
POS_at_20_accent: 0.21526640341619233
POS_at_50_accent: 0.21616649342519326
POS_at_100_accent: 0.21616649342519326
NEG_at_1_accent: 0.0014144271570014143
NEG_at_5_accent: 0.15717640762806034
NEG_at_10_accent: 0.21289210797634744
NEG_at_20_accent: 0.21616649342519326
NEG_at_50_accent: 0.21616649342519326
NEG_at_100_accent: 0.21616649342519326
