this experiment is for Neucheckpoints/ConsistencyExp/Yahoo/VAE/VAE_Yahoo_perf3_epoch6_hr0.2833.pt and VAE
users_DEL_lxr: 0.00716448627407905
users_INS_lxr: 0.00923067123147286
NDCG_lxr: 0.2543451264008926
POS_at_1_lxr: 0.01695213282735912
POS_at_5_lxr: 0.38639482772775047
POS_at_10_lxr: 0.48122572304492545
POS_at_20_lxr: 0.5339787210321048
POS_at_50_lxr: 0.5731730627822474
POS_at_100_lxr: 0.5898570651848128
NEG_at_1_lxr: 0.06023751645519133
NEG_at_5_lxr: 0.4926293614936905
NEG_at_10_lxr: 0.5414273088297307
NEG_at_20_lxr: 0.5630691768699784
NEG_at_50_lxr: 0.5839710959754904
NEG_at_100_lxr: 0.5912691981837723
users_DEL_jaccard: 0.006658996181716721
users_INS_jaccard: 0.010368252248172293
NDCG_jaccard: 0.25459993614662907
POS_at_1_jaccard: 0.017291994809157277
POS_at_5_jaccard: 0.3865920292833084
POS_at_10_jaccard: 0.48221574597927375
POS_at_20_jaccard: 0.5341038673531017
POS_at_50_jaccard: 0.5733373028913349
POS_at_100_jaccard: 0.5885264940039423
NEG_at_1_jaccard: 0.052260544226938876
NEG_at_5_jaccard: 0.48918210427032527
NEG_at_10_jaccard: 0.5419153173179152
NEG_at_20_jaccard: 0.563852782818255
NEG_at_50_jaccard: 0.586278314150972
NEG_at_100_jaccard: 0.5920368547897521
users_DEL_cosine: 0.006636979141413845
users_INS_cosine: 0.010376150332671617
NDCG_cosine: 0.2510965303986832
POS_at_1_cosine: 0.014822240365718624
POS_at_5_cosine: 0.3795047838271525
POS_at_10_cosine: 0.47768311901180693
POS_at_20_cosine: 0.5320673116488813
POS_at_50_cosine: 0.5731268070221563
POS_at_100_cosine: 0.588504316137453
NEG_at_1_cosine: 0.056276755001475456
NEG_at_5_cosine: 0.4961766450450555
NEG_at_10_cosine: 0.5449969382887578
NEG_at_20_cosine: 0.5651418713079424
NEG_at_50_cosine: 0.586278314150972
NEG_at_100_cosine: 0.5920368547897521
users_DEL_lime: 0.00779109832895459
users_INS_lime: 0.008213452719255708
NDCG_lime: 0.2743972315415258
POS_at_1_lime: 0.02545865896592145
POS_at_5_lime: 0.43694080864624363
POS_at_10_lime: 0.5160655690311159
POS_at_20_lime: 0.5513459531454941
POS_at_50_lime: 0.57974758052443
POS_at_100_lime: 0.590071593393353
NEG_at_1_lime: 0.042171780178598454
NEG_at_5_lime: 0.480829419494571
NEG_at_10_lime: 0.5366734806389528
NEG_at_20_lime: 0.5649386342035077
NEG_at_50_lime: 0.5854190658366338
NEG_at_100_lime: 0.5921033883892198
users_DEL_shap: 0.007544058683878242
users_INS_shap: 0.008199084000389706
NDCG_shap: 0.28095080373925735
POS_at_1_shap: 0.035225270960270345
POS_at_5_shap: 0.4372958342949553
POS_at_10_shap: 0.5123733877210324
POS_at_20_shap: 0.5501666375890814
POS_at_50_shap: 0.5798897481815678
POS_at_100_shap: 0.5899123159885666
NEG_at_1_shap: 0.035970545374615866
NEG_at_5_shap: 0.44209039167577024
NEG_at_10_shap: 0.5150180774517129
NEG_at_20_shap: 0.5505276573937987
NEG_at_50_shap: 0.5816291044119418
NEG_at_100_shap: 0.5917707203918813
users_DEL_accent: 0.0065735612366712515
users_INS_accent: 0.010018459734982025
NDCG_accent: 0.267365538230237
POS_at_1_accent: 0.02759390887022359
POS_at_5_accent: 0.4056947405952962
POS_at_10_accent: 0.48931702771565433
POS_at_20_accent: 0.5370583798834062
POS_at_50_accent: 0.5744974589058688
POS_at_100_accent: 0.5888407140487012
NEG_at_1_accent: 0.041291435467635036
NEG_at_5_accent: 0.46281804138063015
NEG_at_10_accent: 0.5284715316965808
NEG_at_20_accent: 0.5597776912431633
NEG_at_50_accent: 0.5862480134470185
NEG_at_100_accent: 0.5921033883892198
