this experiment is for Neucheckpoints/ConsistencyExp/ML1M/VAE/VAE_ML1M_perf1_epoch8_hr0.0952.pt and VAE
users_DEL_lxr: 0.0010127963359937223
users_INS_lxr: 0.001113160654299743
NDCG_lxr: 0.13557353229261873
POS_at_1_lxr: 0.016504447675052943
POS_at_5_lxr: 0.21053235858313762
POS_at_10_lxr: 0.21616649342519326
POS_at_20_lxr: 0.21616649342519326
POS_at_50_lxr: 0.21616649342519326
POS_at_100_lxr: 0.21616649342519326
NEG_at_1_lxr: 0.018666359782022045
NEG_at_5_lxr: 0.21475206626819185
NEG_at_10_lxr: 0.21616649342519326
NEG_at_20_lxr: 0.21616649342519326
NEG_at_50_lxr: 0.21616649342519326
NEG_at_100_lxr: 0.21616649342519326
users_DEL_jaccard: 0.0009067090773541
users_INS_jaccard: 0.001456406609632782
NDCG_jaccard: 0.13537423441365445
POS_at_1_jaccard: 0.01455736976768339
POS_at_5_jaccard: 0.21303642911743226
POS_at_10_jaccard: 0.2156453886831401
POS_at_20_jaccard: 0.21616649342519326
POS_at_50_jaccard: 0.21616649342519326
POS_at_100_jaccard: 0.21616649342519326
NEG_at_1_jaccard: 0.03332816218172622
NEG_at_5_jaccard: 0.21450454151571657
NEG_at_10_jaccard: 0.21616649342519326
NEG_at_20_jaccard: 0.21616649342519326
NEG_at_50_jaccard: 0.21616649342519326
NEG_at_100_jaccard: 0.21616649342519326
users_DEL_cosine: 0.0009103140940763423
users_INS_cosine: 0.001445017757294146
NDCG_cosine: 0.13424669848268025
POS_at_1_cosine: 0.012938117942389873
POS_at_5_cosine: 0.2117541630944158
POS_at_10_cosine: 0.21460317919903382
POS_at_20_cosine: 0.21616649342519326
POS_at_50_cosine: 0.21616649342519326
POS_at_100_cosine: 0.21616649342519326
NEG_at_1_cosine: 0.03322994455108728
NEG_at_5_cosine: 0.21450454151571657
NEG_at_10_cosine: 0.21616649342519326
NEG_at_20_cosine: 0.21616649342519326
NEG_at_50_cosine: 0.21616649342519326
NEG_at_100_cosine: 0.21616649342519326
users_DEL_lime: 0.0010687208042799224
users_INS_lime: 0.0009768469626431505
NDCG_lime: 0.1346850436785886
POS_at_1_lime: 0.01308697194834435
POS_at_5_lime: 0.21087262757244257
POS_at_10_lime: 0.2156453886831401
POS_at_20_lime: 0.21616649342519326
POS_at_50_lime: 0.21616649342519326
POS_at_100_lime: 0.21616649342519326
NEG_at_1_lime: 0.01697748547578422
NEG_at_5_lime: 0.21475206626819185
NEG_at_10_lime: 0.21616649342519326
NEG_at_20_lime: 0.21616649342519326
NEG_at_50_lime: 0.21616649342519326
NEG_at_100_lime: 0.21616649342519326
users_DEL_shap: 0.001025143140771677
users_INS_shap: 0.0010753759981443685
NDCG_shap: 0.13377357449437213
POS_at_1_shap: 0.017111322600639252
POS_at_5_shap: 0.20846375886602309
POS_at_10_shap: 0.21517639441529227
POS_at_20_shap: 0.21616649342519326
POS_at_50_shap: 0.21616649342519326
POS_at_100_shap: 0.21616649342519326
NEG_at_1_shap: 0.030884899282373396
NEG_at_5_shap: 0.2131971030795653
NEG_at_10_shap: 0.21616649342519326
NEG_at_20_shap: 0.21616649342519326
NEG_at_50_shap: 0.21616649342519326
NEG_at_100_shap: 0.21616649342519326
users_DEL_accent: 0.0008796067440569264
users_INS_accent: 0.0015043969366454856
NDCG_accent: 0.13239496980681315
POS_at_1_accent: 0.010173231450193764
POS_at_5_accent: 0.211527730676738
POS_at_10_accent: 0.21408207445698066
POS_at_20_accent: 0.21616649342519326
POS_at_50_accent: 0.21616649342519326
POS_at_100_accent: 0.21616649342519326
NEG_at_1_accent: 0.02926208795728053
NEG_at_5_accent: 0.21385716908616592
NEG_at_10_accent: 0.21616649342519326
NEG_at_20_accent: 0.21616649342519326
NEG_at_50_accent: 0.21616649342519326
NEG_at_100_accent: 0.21616649342519326
