this experiment is for Neucheckpoints/ConsistencyExp/Pinterest/VAE/VAE_Pinterest_perf3_epoch4_hr0.0671.pt and VAE
users_DEL_lxr: 0.001965865939171521
users_INS_lxr: 0.0010676927501765095
NDCG_lxr: 0.2342354998787366
POS_at_1_lxr: 0.03552997279895934
POS_at_5_lxr: 0.35542522110549807
POS_at_10_lxr: 0.376327135357167
POS_at_20_lxr: 0.38313792246665374
POS_at_50_lxr: 0.3863191364719823
POS_at_100_lxr: 0.38707850998883087
NEG_at_1_lxr: 0.04161548948992172
NEG_at_5_lxr: 0.376201306287433
NEG_at_10_lxr: 0.38439743406912513
NEG_at_20_lxr: 0.38689082201330927
NEG_at_50_lxr: 0.38906395532975796
NEG_at_100_lxr: 0.3896730361713969
users_DEL_jaccard: 0.0018488525978612356
users_INS_jaccard: 0.0012944903444293237
NDCG_jaccard: 0.21786266488294193
POS_at_1_jaccard: 0.02661821816130841
POS_at_5_jaccard: 0.3260637503868556
POS_at_10_jaccard: 0.3563949034662763
POS_at_20_jaccard: 0.37011507783385333
POS_at_50_jaccard: 0.3807029613359002
POS_at_100_jaccard: 0.3852199979713902
NEG_at_1_jaccard: 0.06485519041110482
NEG_at_5_jaccard: 0.37720536474738986
NEG_at_10_jaccard: 0.38515879272442927
NEG_at_20_jaccard: 0.3870057207133838
NEG_at_50_jaccard: 0.3885418860369245
NEG_at_100_jaccard: 0.38983914912820755
users_DEL_cosine: 0.0018554603923128983
users_INS_cosine: 0.0012856703468276164
NDCG_cosine: 0.21834007807136377
POS_at_1_cosine: 0.027578371156911953
POS_at_5_cosine: 0.32596170945979036
POS_at_10_cosine: 0.35601562909787376
POS_at_20_cosine: 0.37018072973281846
POS_at_50_cosine: 0.3809629783033835
POS_at_100_cosine: 0.38539485371540133
NEG_at_1_cosine: 0.06443282823107578
NEG_at_5_cosine: 0.37748160021866545
NEG_at_10_cosine: 0.38515879272442927
NEG_at_20_cosine: 0.3870057207133838
NEG_at_50_cosine: 0.3885418860369245
NEG_at_100_cosine: 0.38983914912820755
users_DEL_lime: 0.001926628579270239
users_INS_lime: 0.0011703877004698967
NDCG_lime: 0.22844050405680363
POS_at_1_lime: 0.03074404986094097
POS_at_5_lime: 0.3485829267062392
POS_at_10_lime: 0.3669231504724045
POS_at_20_lime: 0.37643792095111156
POS_at_50_lime: 0.3813471391346809
POS_at_100_lime: 0.38380464027916744
NEG_at_1_lime: 0.06726224756723491
NEG_at_5_lime: 0.3801518239876259
NEG_at_10_lime: 0.3861542863804956
NEG_at_20_lime: 0.38886536916334524
NEG_at_50_lime: 0.39000526208501823
NEG_at_100_lime: 0.39000526208501823
users_DEL_shap: 0.002138433509600589
users_INS_shap: 0.0008489001837278041
NDCG_shap: 0.2395821259680944
POS_at_1_shap: 0.043539621478373466
POS_at_5_shap: 0.36524705701664556
POS_at_10_shap: 0.377830498120083
POS_at_20_shap: 0.38468491405330374
POS_at_50_shap: 0.3869205334354295
POS_at_100_shap: 0.38848674131392974
NEG_at_1_shap: 0.040348518725290876
NEG_at_5_shap: 0.36566354313923877
NEG_at_10_shap: 0.37748942737007785
NEG_at_20_shap: 0.3836199493077776
NEG_at_50_shap: 0.3869205334354295
NEG_at_100_shap: 0.3884729845473201
users_DEL_accent: 0.0017113256491626118
users_INS_accent: 0.0015198242788273212
NDCG_accent: 0.2113327193186699
POS_at_1_accent: 0.032464728202231175
POS_at_5_accent: 0.3058473890547157
POS_at_10_accent: 0.3352487627619097
POS_at_20_accent: 0.3568292813867076
POS_at_50_accent: 0.37255366518912175
POS_at_100_accent: 0.37808042658354646
NEG_at_1_accent: 0.0733525429787302
NEG_at_5_accent: 0.3704724241785573
NEG_at_10_accent: 0.3807935159454875
NEG_at_20_accent: 0.38512340836595516
NEG_at_50_accent: 0.38873892045322805
NEG_at_100_accent: 0.3890560451889575
