this experiment is for Neucheckpoints/ConsistencyExp/ML1M/VAE/VAE_ML1M_perf4_epoch12_hr0.1225.pt and VAE
users_DEL_lxr: 0.00136751484336729
users_INS_lxr: 0.0017200033814141534
NDCG_lxr: 0.20015189591952073
POS_at_1_lxr: 0.17630751511912932
POS_at_5_lxr: 0.21519889666551728
POS_at_10_lxr: 0.21616649342519326
POS_at_20_lxr: 0.21616649342519326
POS_at_50_lxr: 0.21616649342519326
POS_at_100_lxr: 0.21616649342519326
NEG_at_1_lxr: 0.19436412707331188
NEG_at_5_lxr: 0.21512428394108693
NEG_at_10_lxr: 0.21616649342519326
NEG_at_20_lxr: 0.21616649342519326
NEG_at_50_lxr: 0.21616649342519326
NEG_at_100_lxr: 0.21616649342519326
users_DEL_jaccard: 0.0012497451748596192
users_INS_jaccard: 0.0021857055649865367
NDCG_jaccard: 0.19959571435311063
POS_at_1_jaccard: 0.1756519200937853
POS_at_5_jaccard: 0.21598647542339305
POS_at_10_jaccard: 0.21616649342519326
POS_at_20_jaccard: 0.21616649342519326
POS_at_50_jaccard: 0.21616649342519326
POS_at_100_jaccard: 0.21616649342519326
NEG_at_1_jaccard: 0.18998501993881822
NEG_at_5_jaccard: 0.21616649342519326
NEG_at_10_jaccard: 0.21616649342519326
NEG_at_20_jaccard: 0.21616649342519326
NEG_at_50_jaccard: 0.21616649342519326
NEG_at_100_jaccard: 0.21616649342519326
users_DEL_cosine: 0.0012492949756452343
users_INS_cosine: 0.0021849749159371314
NDCG_cosine: 0.19938798908398295
POS_at_1_cosine: 0.1758567773529225
POS_at_5_cosine: 0.21598647542339305
POS_at_10_cosine: 0.21616649342519326
POS_at_20_cosine: 0.21616649342519326
POS_at_50_cosine: 0.21616649342519326
POS_at_100_cosine: 0.21616649342519326
NEG_at_1_cosine: 0.19295397887806628
NEG_at_5_cosine: 0.21616649342519326
NEG_at_10_cosine: 0.21616649342519326
NEG_at_20_cosine: 0.21616649342519326
NEG_at_50_cosine: 0.21616649342519326
NEG_at_100_cosine: 0.21616649342519326
users_DEL_lime: 0.0014516972720648512
users_INS_lime: 0.0014780709537889623
NDCG_lime: 0.2034442914610246
POS_at_1_lime: 0.18479385489063024
POS_at_5_lime: 0.21598647542339305
POS_at_10_lime: 0.21616649342519326
POS_at_20_lime: 0.21616649342519326
POS_at_50_lime: 0.21616649342519326
POS_at_100_lime: 0.21616649342519326
NEG_at_1_lime: 0.19957194525629884
NEG_at_5_lime: 0.21616649342519326
NEG_at_10_lime: 0.21616649342519326
NEG_at_20_lime: 0.21616649342519326
NEG_at_50_lime: 0.21616649342519326
NEG_at_100_lime: 0.21616649342519326
users_DEL_shap: 0.0014472163203494042
users_INS_shap: 0.0014791001707583425
NDCG_shap: 0.2003785848710517
POS_at_1_shap: 0.17767838952235027
POS_at_5_shap: 0.21616649342519326
POS_at_10_shap: 0.21616649342519326
POS_at_20_shap: 0.21616649342519326
POS_at_50_shap: 0.21616649342519326
POS_at_100_shap: 0.21616649342519326
NEG_at_1_shap: 0.17884751422796116
NEG_at_5_shap: 0.21524522482774527
NEG_at_10_shap: 0.21616649342519326
NEG_at_20_shap: 0.21616649342519326
NEG_at_50_shap: 0.21616649342519326
NEG_at_100_shap: 0.21616649342519326
users_DEL_accent: 0.0012178639585632102
users_INS_accent: 0.0021831214587699843
NDCG_accent: 0.20554276366875923
POS_at_1_accent: 0.18855589681579207
POS_at_5_accent: 0.21616649342519326
POS_at_10_accent: 0.21616649342519326
POS_at_20_accent: 0.21616649342519326
POS_at_50_accent: 0.21616649342519326
POS_at_100_accent: 0.21616649342519326
NEG_at_1_accent: 0.1849987073389323
NEG_at_5_accent: 0.21616649342519326
NEG_at_10_accent: 0.21616649342519326
NEG_at_20_accent: 0.21616649342519326
NEG_at_50_accent: 0.21616649342519326
NEG_at_100_accent: 0.21616649342519326
