this experiment is for Neucheckpoints/ConsistencyExp/Yahoo/VAE/VAE_Yahoo_perf2_epoch4_hr0.1848.pt and VAE
users_DEL_lxr: 0.004470973595389244
users_INS_lxr: 0.0047812680703686545
NDCG_lxr: 0.21397843885163623
POS_at_1_lxr: 0.0074458742969547445
POS_at_5_lxr: 0.35057178315862125
POS_at_10_lxr: 0.4831980238854435
POS_at_20_lxr: 0.5406476776285366
POS_at_50_lxr: 0.5813585102236203
POS_at_100_lxr: 0.5937836300107863
NEG_at_1_lxr: 0.012407179492573922
NEG_at_5_lxr: 0.4367966684199215
NEG_at_10_lxr: 0.543716384928154
NEG_at_20_lxr: 0.5720180763877402
NEG_at_50_lxr: 0.5943013733716359
NEG_at_100_lxr: 0.5972312279481972
users_DEL_jaccard: 0.004059264836905838
users_INS_jaccard: 0.005516887101609372
NDCG_jaccard: 0.2145085587918994
POS_at_1_jaccard: 0.011297289979924711
POS_at_5_jaccard: 0.32134143217418587
POS_at_10_jaccard: 0.4767379883235422
POS_at_20_jaccard: 0.539863050197501
POS_at_50_jaccard: 0.5841859896431364
POS_at_100_jaccard: 0.5958278776528824
NEG_at_1_jaccard: 0.01007188521507709
NEG_at_5_jaccard: 0.4460924344270155
NEG_at_10_jaccard: 0.5461149305058676
NEG_at_20_jaccard: 0.574514756129929
NEG_at_50_jaccard: 0.5938689049750957
NEG_at_100_jaccard: 0.5972312279481972
users_DEL_cosine: 0.004064097586534864
users_INS_cosine: 0.005501616542945245
NDCG_cosine: 0.21380907838919044
POS_at_1_cosine: 0.01145767627803556
POS_at_5_cosine: 0.3192714840114091
POS_at_10_cosine: 0.47432974038109954
POS_at_20_cosine: 0.5370118223051774
POS_at_50_cosine: 0.5818406863547192
POS_at_100_cosine: 0.5944105962206309
NEG_at_1_cosine: 0.009915056016331724
NEG_at_5_cosine: 0.4501323391811886
NEG_at_10_cosine: 0.54681890120715
NEG_at_20_cosine: 0.574514756129929
NEG_at_50_cosine: 0.5938689049750957
NEG_at_100_cosine: 0.5972312279481972
users_DEL_lime: 0.004380637809230519
users_INS_lime: 0.004902458515330234
NDCG_lime: 0.21517444567112398
POS_at_1_lime: 0.010561388046417987
POS_at_5_lime: 0.34437431212790515
POS_at_10_lime: 0.478792869235489
POS_at_20_lime: 0.5374103258445165
POS_at_50_lime: 0.5800332879438097
POS_at_100_lime: 0.5936815002867085
NEG_at_1_lime: 0.010453287990498827
NEG_at_5_lime: 0.4353624699666745
NEG_at_10_lime: 0.5437346834636287
NEG_at_20_lime: 0.5741997573119361
NEG_at_50_lime: 0.5953659109631197
NEG_at_100_lime: 0.5972312279481972
users_DEL_shap: 0.004351129880396918
users_INS_shap: 0.0047316301521943445
NDCG_shap: 0.2205107642006671
POS_at_1_shap: 0.011513369241017393
POS_at_5_shap: 0.35854860212176926
POS_at_10_shap: 0.49589057003668974
POS_at_20_shap: 0.549411127340077
POS_at_50_shap: 0.588439891390983
POS_at_100_shap: 0.595734828884317
NEG_at_1_shap: 0.010407028968601477
NEG_at_5_shap: 0.41042958962270354
NEG_at_10_shap: 0.524659517631466
NEG_at_20_shap: 0.5618593246958783
NEG_at_50_shap: 0.586644129861099
NEG_at_100_shap: 0.595916001258719
users_DEL_accent: 0.003942924522889053
users_INS_accent: 0.005667384109149992
NDCG_accent: 0.21698807829966477
POS_at_1_accent: 0.013380986943861197
POS_at_5_accent: 0.32972828093713924
POS_at_10_accent: 0.47701030590007537
POS_at_20_accent: 0.5382968447038605
POS_at_50_accent: 0.5819013822121788
POS_at_100_accent: 0.594936802660011
NEG_at_1_accent: 0.008845766024886044
NEG_at_5_accent: 0.4261874168828253
NEG_at_10_accent: 0.5396777830732344
NEG_at_20_accent: 0.5707861648580033
NEG_at_50_accent: 0.5939281015360257
NEG_at_100_accent: 0.5972312279481972
