this experiment is for Neucheckpoints/ConsistencyExp/ML1M/VAE/VAE_ML1M_perf3_epoch13_hr0.1267.pt and VAE
users_DEL_lxr: 0.0011131020651649274
users_INS_lxr: 0.0014034724308252882
NDCG_lxr: 0.09914391934509108
POS_at_1_lxr: 0.0017092235539343408
POS_at_5_lxr: 0.1733672705707275
POS_at_10_lxr: 0.1953075503880324
POS_at_20_lxr: 0.2123925446017395
POS_at_50_lxr: 0.21333763911119044
POS_at_100_lxr: 0.21616649342519326
NEG_at_1_lxr: 0.010875581098666395
NEG_at_5_lxr: 0.20989453154750903
NEG_at_10_lxr: 0.211923211954189
NEG_at_20_lxr: 0.21333763911119044
NEG_at_50_lxr: 0.21475206626819185
NEG_at_100_lxr: 0.21616649342519326
users_DEL_jaccard: 0.0010268826861609165
users_INS_jaccard: 0.0017518449298524763
NDCG_jaccard: 0.0987269400601904
POS_at_1_jaccard: 0.0031893477469667345
POS_at_5_jaccard: 0.17376114062088582
POS_at_10_jaccard: 0.20097940328760808
POS_at_20_jaccard: 0.21097168823038806
POS_at_50_jaccard: 0.21475206626819185
POS_at_100_jaccard: 0.21616649342519326
NEG_at_1_jaccard: 0.0068170429464166
NEG_at_5_jaccard: 0.20258083410738176
NEG_at_10_jaccard: 0.20915864978368623
NEG_at_20_jaccard: 0.211923211954189
NEG_at_50_jaccard: 0.21475206626819185
NEG_at_100_jaccard: 0.21616649342519326
users_DEL_cosine: 0.001031585193358562
users_INS_cosine: 0.001739322568158301
NDCG_cosine: 0.09845486982926815
POS_at_1_cosine: 0.001907824399934434
POS_at_5_cosine: 0.1751053206429787
POS_at_10_cosine: 0.20148345369264856
POS_at_20_cosine: 0.21007159822138716
POS_at_50_cosine: 0.21475206626819185
POS_at_100_cosine: 0.21616649342519326
NEG_at_1_cosine: 0.007491817799000985
NEG_at_5_cosine: 0.20617835175388327
NEG_at_10_cosine: 0.20915864978368623
NEG_at_20_cosine: 0.211923211954189
NEG_at_50_cosine: 0.21475206626819185
NEG_at_100_cosine: 0.21616649342519326
users_DEL_lime: 0.0011539152937357358
users_INS_lime: 0.001240705682218378
NDCG_lime: 0.0993180716696508
POS_at_1_lime: 0.0023810217156169395
POS_at_5_lime: 0.17434851283345645
POS_at_10_lime: 0.20022921182871417
POS_at_20_lime: 0.21376196725829089
POS_at_50_lime: 0.21475206626819185
POS_at_100_lime: 0.21616649342519326
NEG_at_1_lime: 0.005967266356017997
NEG_at_5_lime: 0.209108334193121
NEG_at_10_lime: 0.21475206626819185
NEG_at_20_lime: 0.21475206626819185
NEG_at_50_lime: 0.21475206626819185
NEG_at_100_lime: 0.21616649342519326
users_DEL_shap: 0.001181462163512825
users_INS_shap: 0.0011903481627613484
NDCG_shap: 0.10844487305685813
POS_at_1_shap: 0.01233156576508143
POS_at_5_shap: 0.18621379681986963
POS_at_10_shap: 0.2044646803867466
POS_at_20_shap: 0.21146673773533856
POS_at_50_shap: 0.21475206626819185
POS_at_100_shap: 0.21616649342519326
NEG_at_1_shap: 0.01205365584423628
NEG_at_5_shap: 0.19386171375585168
NEG_at_10_shap: 0.20564829874858276
NEG_at_20_shap: 0.20994301393438702
NEG_at_50_shap: 0.21475206626819185
NEG_at_100_shap: 0.21616649342519326
users_DEL_accent: 0.0010027583404676633
users_INS_accent: 0.0017270737551707282
NDCG_accent: 0.10411144536553685
POS_at_1_accent: 0.005731765238784804
POS_at_5_accent: 0.18297712768613364
POS_at_10_accent: 0.2041888670911313
POS_at_20_accent: 0.21385197625919095
POS_at_50_accent: 0.21475206626819185
POS_at_100_accent: 0.21616649342519326
NEG_at_1_accent: 0.003636020829012239
NEG_at_5_accent: 0.20301951723689116
NEG_at_10_accent: 0.21189749509678898
NEG_at_20_accent: 0.21333763911119044
NEG_at_50_accent: 0.21475206626819185
NEG_at_100_accent: 0.21616649342519326
