this experiment is for Neucheckpoints/ConsistencyExp/Pinterest/VAE/VAE_Pinterest_perf3_epoch4_hr0.0671.pt and VAE
users_DEL_lxr: 0.0016789014800838952
users_INS_lxr: 0.0009514273577914055
NDCG_lxr: 0.15918464639337268
POS_at_1_lxr: 0.004213809637111275
POS_at_5_lxr: 0.2901841375838396
POS_at_10_lxr: 0.3549920742855207
POS_at_20_lxr: 0.3760502918546819
POS_at_50_lxr: 0.38351715921095547
POS_at_100_lxr: 0.3854401752867954
NEG_at_1_lxr: 0.008956140613189776
NEG_at_5_lxr: 0.33041298916566353
NEG_at_10_lxr: 0.37764520449816524
NEG_at_20_lxr: 0.38705275116903404
NEG_at_50_lxr: 0.39000526208501823
NEG_at_100_lxr: 0.39000526208501823
users_DEL_jaccard: 0.0015881133840072049
users_INS_jaccard: 0.0011254251867784015
NDCG_jaccard: 0.14928960386868878
POS_at_1_jaccard: 0.0014387643898469882
POS_at_5_jaccard: 0.25230843207215403
POS_at_10_jaccard: 0.32655293044836414
POS_at_20_jaccard: 0.35891618384617086
POS_at_50_jaccard: 0.37629064905712967
POS_at_100_jaccard: 0.38228696909516663
NEG_at_1_jaccard: 0.012758063967799632
NEG_at_5_jaccard: 0.34534981279653704
NEG_at_10_jaccard: 0.38035904005858545
NEG_at_20_jaccard: 0.38643124673774704
NEG_at_50_jaccard: 0.3892063378641671
NEG_at_100_jaccard: 0.39000526208501823
users_DEL_cosine: 0.0015883005276985634
users_INS_cosine: 0.0011224985616748405
NDCG_cosine: 0.14859937713733268
POS_at_1_cosine: 0.0017773184161086555
POS_at_5_cosine: 0.24896003243554862
POS_at_10_cosine: 0.32372534457281954
POS_at_20_cosine: 0.3583723714180466
POS_at_50_cosine: 0.37617946763365584
POS_at_100_cosine: 0.3823067444471679
NEG_at_1_cosine: 0.012495682451626407
NEG_at_5_cosine: 0.34447108548438415
NEG_at_10_cosine: 0.3799060047218292
NEG_at_20_cosine: 0.38643124673774704
NEG_at_50_cosine: 0.3892063378641671
NEG_at_100_cosine: 0.39000526208501823
users_DEL_lime: 0.001646199596040175
users_INS_lime: 0.0010210936529744558
NDCG_lime: 0.15501535830182211
POS_at_1_lime: 0.001994748011051802
POS_at_5_lime: 0.27663485394835574
POS_at_10_lime: 0.34898369613823516
POS_at_20_lime: 0.3693773267480289
POS_at_50_lime: 0.3795845734280158
POS_at_100_lime: 0.38334450697994704
NEG_at_1_lime: 0.00896583653986514
NEG_at_5_lime: 0.3466267367755422
NEG_at_10_lime: 0.3843636216085535
NEG_at_20_lime: 0.38877934556645943
NEG_at_50_lime: 0.39000526208501823
NEG_at_100_lime: 0.39000526208501823
users_DEL_shap: 0.001826277186750129
users_INS_shap: 0.0007490420068267103
NDCG_shap: 0.1638707321414226
POS_at_1_shap: 0.004632724912252922
POS_at_5_shap: 0.30633646619735044
POS_at_10_shap: 0.36118711255852104
POS_at_20_shap: 0.37836138603272473
POS_at_50_shap: 0.38457883027612366
POS_at_100_shap: 0.3878301996274877
NEG_at_1_shap: 0.006513210867661548
NEG_at_5_shap: 0.3098382623721367
NEG_at_10_shap: 0.36165365255179605
NEG_at_20_shap: 0.37684220793904666
NEG_at_50_shap: 0.3849460327688498
NEG_at_100_shap: 0.3876973092620392
users_DEL_accent: 0.0014721719452618265
users_INS_accent: 0.001308192650359065
NDCG_accent: 0.14990517975848786
POS_at_1_accent: 0.007849869164452737
POS_at_5_accent: 0.23244591846919996
POS_at_10_accent: 0.30225581698808457
POS_at_20_accent: 0.33816825743915035
POS_at_50_accent: 0.3634564032701323
POS_at_100_accent: 0.3748833447625767
NEG_at_1_accent: 0.010994091289559485
NEG_at_5_accent: 0.32324603262769497
NEG_at_10_accent: 0.3707993297586548
NEG_at_20_accent: 0.38338446582442476
NEG_at_50_accent: 0.38814471370409914
NEG_at_100_accent: 0.38889784237294733
