this experiment is for Neucheckpoints/ConsistencyExp/ML1M/VAE/VAE_ML1M_perf3_epoch13_hr0.1267.pt and VAE
users_DEL_lxr: 0.001053163300400259
users_INS_lxr: 0.0012527659213031166
NDCG_lxr: 0.07842764212354665
POS_at_1_lxr: 0.0
POS_at_5_lxr: 0.11468779860368919
POS_at_10_lxr: 0.1976250866529371
POS_at_20_lxr: 0.21616649342519326
POS_at_50_lxr: 0.21616649342519326
POS_at_100_lxr: 0.21616649342519326
NEG_at_1_lxr: 0.0
NEG_at_5_lxr: 0.18632313547397844
NEG_at_10_lxr: 0.21475206626819185
NEG_at_20_lxr: 0.21616649342519326
NEG_at_50_lxr: 0.21616649342519326
NEG_at_100_lxr: 0.21616649342519326
users_DEL_jaccard: 0.0009621430395525558
users_INS_jaccard: 0.0015921473256493993
NDCG_jaccard: 0.0788938826399192
POS_at_1_jaccard: 0.0
POS_at_5_jaccard: 0.10996841694383953
POS_at_10_jaccard: 0.1965020906903791
POS_at_20_jaccard: 0.21616649342519326
POS_at_50_jaccard: 0.21616649342519326
POS_at_100_jaccard: 0.21616649342519326
NEG_at_1_jaccard: 0.0
NEG_at_5_jaccard: 0.15883999752270614
NEG_at_10_jaccard: 0.20493608467003202
NEG_at_20_jaccard: 0.21406628340419118
NEG_at_50_jaccard: 0.21616649342519326
NEG_at_100_jaccard: 0.21616649342519326
users_DEL_cosine: 0.0009635861041439366
users_INS_cosine: 0.0015831219627563601
NDCG_cosine: 0.07866285822423036
POS_at_1_cosine: 0.0
POS_at_5_cosine: 0.1092136375225376
POS_at_10_cosine: 0.19541880589131097
POS_at_20_cosine: 0.21616649342519326
POS_at_50_cosine: 0.21616649342519326
POS_at_100_cosine: 0.21616649342519326
NEG_at_1_cosine: 0.0
NEG_at_5_cosine: 0.1664052478073425
NEG_at_10_cosine: 0.20637622868443348
NEG_at_20_cosine: 0.21461633840969174
NEG_at_50_cosine: 0.21616649342519326
NEG_at_100_cosine: 0.21616649342519326
users_DEL_lime: 0.0011002071130502445
users_INS_lime: 0.0011245492455865488
NDCG_lime: 0.08083346316381322
POS_at_1_lime: 0.0
POS_at_5_lime: 0.1346012504776428
POS_at_10_lime: 0.20406250201101422
POS_at_20_lime: 0.21616649342519326
POS_at_50_lime: 0.21616649342519326
POS_at_100_lime: 0.21616649342519326
NEG_at_1_lime: 0.0014144271570014143
NEG_at_5_lime: 0.17873619789794007
NEG_at_10_lime: 0.21385197625919095
NEG_at_20_lime: 0.21616649342519326
NEG_at_50_lime: 0.21616649342519326
NEG_at_100_lime: 0.21616649342519326
users_DEL_shap: 0.0010914382294109368
users_INS_shap: 0.0011314976641674794
NDCG_shap: 0.08319748708296626
POS_at_1_shap: 0.0
POS_at_5_shap: 0.14309407752138512
POS_at_10_shap: 0.20049342799834982
POS_at_20_shap: 0.21616649342519326
POS_at_50_shap: 0.21616649342519326
POS_at_100_shap: 0.21616649342519326
NEG_at_1_shap: 0.0007072135785007071
NEG_at_5_shap: 0.1541375987737393
NEG_at_10_shap: 0.20210752007982688
NEG_at_20_shap: 0.21406628340419118
NEG_at_50_shap: 0.21616649342519326
NEG_at_100_shap: 0.21616649342519326
users_DEL_accent: 0.0009340913210414307
users_INS_accent: 0.001601862836069427
NDCG_accent: 0.08124568029418648
POS_at_1_accent: 0.0
POS_at_5_accent: 0.12823052470329618
POS_at_10_accent: 0.2024755230102035
POS_at_20_accent: 0.21616649342519326
POS_at_50_accent: 0.21616649342519326
POS_at_100_accent: 0.21616649342519326
NEG_at_1_accent: 0.0
NEG_at_5_accent: 0.1608491463339959
NEG_at_10_accent: 0.20827641870343536
NEG_at_20_accent: 0.21506638341419215
NEG_at_50_accent: 0.21616649342519326
NEG_at_100_accent: 0.21616649342519326
