this experiment is for Neucheckpoints/ConsistencyExp/Pinterest/VAE/VAE_Pinterest_perf3_epoch4_hr0.0671.pt and VAE
users_DEL_lxr: 0.0016072158930783593
users_INS_lxr: 0.0008958238767437583
NDCG_lxr: 0.1452784602392906
POS_at_1_lxr: 0.0022822767747887806
POS_at_5_lxr: 0.22669570706925682
POS_at_10_lxr: 0.34958758972803994
POS_at_20_lxr: 0.3739165545017279
POS_at_50_lxr: 0.3850898515202597
POS_at_100_lxr: 0.38755415546010497
NEG_at_1_lxr: 0.0036755541738930446
NEG_at_5_lxr: 0.2757342043857738
NEG_at_10_lxr: 0.3709622041888429
NEG_at_20_lxr: 0.3849394374630991
NEG_at_50_lxr: 0.38757359232324357
NEG_at_100_lxr: 0.38936665849819474
users_DEL_jaccard: 0.0015159003896998687
users_INS_jaccard: 0.0010704120195162742
NDCG_jaccard: 0.1385549748828858
POS_at_1_jaccard: 0.0016983810476764998
POS_at_5_jaccard: 0.20191517255191435
POS_at_10_jaccard: 0.31993671103646965
POS_at_20_jaccard: 0.36117675929114207
POS_at_50_jaccard: 0.3773938600995872
POS_at_100_jaccard: 0.3828588263727417
NEG_at_1_jaccard: 0.007246834104676385
NEG_at_5_jaccard: 0.27929287616151355
NEG_at_10_jaccard: 0.37444821668513617
NEG_at_20_jaccard: 0.3868163727780315
NEG_at_50_jaccard: 0.38862494251532986
NEG_at_100_jaccard: 0.38984705926900803
users_DEL_cosine: 0.0015169863516808029
users_INS_cosine: 0.0010689828471627317
NDCG_cosine: 0.13793465565618773
POS_at_1_cosine: 0.0011346037397131452
POS_at_5_cosine: 0.20006481349849603
POS_at_10_cosine: 0.3204870921103251
POS_at_20_cosine: 0.35905400780923696
POS_at_50_cosine: 0.3768002077018155
POS_at_100_cosine: 0.3823906898580935
NEG_at_1_cosine: 0.007076599968713975
NEG_at_5_cosine: 0.2803376743641446
NEG_at_10_cosine: 0.3748418132463417
NEG_at_20_cosine: 0.38684568682923337
NEG_at_50_cosine: 0.38862494251532986
NEG_at_100_cosine: 0.38984705926900803
users_DEL_lime: 0.0015764226211663495
users_INS_lime: 0.000973500286933647
NDCG_lime: 0.14121650972619312
POS_at_1_lime: 0.00046504074456875464
POS_at_5_lime: 0.21659135170402088
POS_at_10_lime: 0.3433962558449517
POS_at_20_lime: 0.3672847831755318
POS_at_50_lime: 0.3800100280806081
POS_at_100_lime: 0.3837175724526803
NEG_at_1_lime: 0.004082840020458727
NEG_at_5_lime: 0.29192200586941053
NEG_at_10_lime: 0.3799463451612021
NEG_at_20_lime: 0.3878137324311083
NEG_at_50_lime: 0.39000526208501823
NEG_at_100_lime: 0.39000526208501823
users_DEL_shap: 0.0017341482731955465
users_INS_shap: 0.0007196927824462643
NDCG_shap: 0.1502559009508579
POS_at_1_shap: 0.0033191157806022956
POS_at_5_shap: 0.2535415365017638
POS_at_10_shap: 0.35895657407686393
POS_at_20_shap: 0.3798815639832581
POS_at_50_shap: 0.3858965810946613
POS_at_100_shap: 0.3887350781027456
NEG_at_1_shap: 0.003180075316571328
NEG_at_5_shap: 0.25560235478592985
NEG_at_10_shap: 0.3608236306604157
NEG_at_20_shap: 0.3803202179380959
NEG_at_50_shap: 0.38645868257832855
NEG_at_100_shap: 0.3887350781027456
users_DEL_accent: 0.0014049015926530112
users_INS_accent: 0.0012485513283844209
NDCG_accent: 0.14077296953102528
POS_at_1_accent: 0.007737509529042945
POS_at_5_accent: 0.20041189196127157
POS_at_10_accent: 0.2998919746937755
POS_at_20_accent: 0.3401479497815808
POS_at_50_accent: 0.36395767446465316
POS_at_100_accent: 0.37386671256814297
NEG_at_1_accent: 0.003665790958149762
NEG_at_5_accent: 0.25920857311859197
NEG_at_10_accent: 0.3600411813832687
NEG_at_20_accent: 0.37838537529656374
NEG_at_50_accent: 0.38826673424927055
NEG_at_100_accent: 0.38985425030609944
