this experiment is for Neucheckpoints/ConsistencyExp/Pinterest/VAE/VAE_Pinterest_perf4_epoch6_hr0.0846.pt and VAE
users_DEL_lxr: 0.002038378782256767
users_INS_lxr: 0.0012554008958666435
NDCG_lxr: 0.15672518222784654
POS_at_1_lxr: 0.00589499024863219
POS_at_5_lxr: 0.2603333423165566
POS_at_10_lxr: 0.33906412002634134
POS_at_20_lxr: 0.36671412517426455
POS_at_50_lxr: 0.3822102849507048
POS_at_100_lxr: 0.38496463075079645
NEG_at_1_lxr: 0.012110083744166014
NEG_at_5_lxr: 0.31453180383318496
NEG_at_10_lxr: 0.3746632773585261
NEG_at_20_lxr: 0.38411660579296136
NEG_at_50_lxr: 0.3885415818007399
NEG_at_100_lxr: 0.38958997969299164
users_DEL_jaccard: 0.0019076495251334048
users_INS_jaccard: 0.0015186600953334102
NDCG_jaccard: 0.1446865765227065
POS_at_1_jaccard: 0.0037700214466067426
POS_at_5_jaccard: 0.21769017597306567
POS_at_10_jaccard: 0.301517738028567
POS_at_20_jaccard: 0.3423595814411648
POS_at_50_jaccard: 0.3681633104043656
POS_at_100_jaccard: 0.37957589094498106
NEG_at_1_jaccard: 0.012176298198477578
NEG_at_5_jaccard: 0.3149140968854904
NEG_at_10_jaccard: 0.37526702332103357
NEG_at_20_jaccard: 0.3859920863361046
NEG_at_50_jaccard: 0.38917469730096504
NEG_at_100_jaccard: 0.39000526208501823
users_DEL_cosine: 0.0019103946069918881
users_INS_cosine: 0.0015105492561155512
NDCG_cosine: 0.14412372813036767
POS_at_1_cosine: 0.0037599539946788245
POS_at_5_cosine: 0.21567604519510294
POS_at_10_cosine: 0.3000804592456634
POS_at_20_cosine: 0.3408007075604197
POS_at_50_cosine: 0.36841647077023193
POS_at_100_cosine: 0.37942681275603574
NEG_at_1_cosine: 0.013916281200449493
NEG_at_5_cosine: 0.31366038123709133
NEG_at_10_cosine: 0.3757793394089423
NEG_at_20_cosine: 0.3859920863361046
NEG_at_50_cosine: 0.38917469730096504
NEG_at_100_cosine: 0.39000526208501823
users_DEL_lime: 0.0020050930932455765
users_INS_lime: 0.0013265452205728767
NDCG_lime: 0.15177964974829924
POS_at_1_lime: 0.003081244765600547
POS_at_5_lime: 0.2494009382850133
POS_at_10_lime: 0.33122774310450875
POS_at_20_lime: 0.3614782266907569
POS_at_50_lime: 0.37884678220595724
POS_at_100_lime: 0.3854137992237395
NEG_at_1_lime: 0.01779241540598087
NEG_at_5_lime: 0.3354093686707527
NEG_at_10_lime: 0.38166845019526113
NEG_at_20_lime: 0.38736291530010125
NEG_at_50_lime: 0.39000526208501823
NEG_at_100_lime: 0.39000526208501823
users_DEL_shap: 0.0022054590588565653
users_INS_shap: 0.0009614632410280943
NDCG_shap: 0.16132606922399959
POS_at_1_shap: 0.005735070031727644
POS_at_5_shap: 0.27648702850873597
POS_at_10_shap: 0.34857238779979244
POS_at_20_shap: 0.37256078552786515
POS_at_50_shap: 0.38384981557415837
POS_at_100_shap: 0.3874364538156086
NEG_at_1_shap: 0.004923389945081757
NEG_at_5_shap: 0.2833385347848539
NEG_at_10_shap: 0.35464871866268266
NEG_at_20_shap: 0.37510947901408953
NEG_at_50_shap: 0.38495038231747203
NEG_at_100_shap: 0.3878431600889531
users_DEL_accent: 0.0017745169082148936
users_INS_accent: 0.0017116949473865123
NDCG_accent: 0.14529048746892545
POS_at_1_accent: 0.008005718881469418
POS_at_5_accent: 0.2093927437927756
POS_at_10_accent: 0.2835110828247223
POS_at_20_accent: 0.32309699252455504
POS_at_50_accent: 0.35448301511227326
POS_at_100_accent: 0.3698132977923216
NEG_at_1_accent: 0.011480732241579264
NEG_at_5_accent: 0.2883631314616691
NEG_at_10_accent: 0.3621243814082486
NEG_at_20_accent: 0.38137883151957996
NEG_at_50_accent: 0.38728569483056724
NEG_at_100_accent: 0.389251364819493
