this experiment is for Neucheckpoints/ConsistencyExp/Pinterest/VAE/VAE_Pinterest_perf2_epoch3_hr0.0517.pt and VAE
users_DEL_lxr: 0.001423450449235829
users_INS_lxr: 0.0008152356578938207
NDCG_lxr: 0.19453553910699564
POS_at_1_lxr: 0.012458733689293863
POS_at_5_lxr: 0.35897247049446923
POS_at_10_lxr: 0.379002495268458
POS_at_20_lxr: 0.38486165125160143
POS_at_50_lxr: 0.38739491562085115
POS_at_100_lxr: 0.387893254491283
NEG_at_1_lxr: 0.006710929834763217
NEG_at_5_lxr: 0.36748370524525903
NEG_at_10_lxr: 0.38363934603914984
NEG_at_20_lxr: 0.38928420880582537
NEG_at_50_lxr: 0.3896730361713969
NEG_at_100_lxr: 0.39000526208501823
users_DEL_jaccard: 0.0013558198424240193
users_INS_jaccard: 0.0009590599413992623
NDCG_jaccard: 0.18534149115937
POS_at_1_jaccard: 0.010449523911298006
POS_at_5_jaccard: 0.3313877488474378
POS_at_10_jaccard: 0.36656088188835145
POS_at_20_jaccard: 0.3787156572274662
POS_at_50_jaccard: 0.3832191444949063
POS_at_100_jaccard: 0.3850232490573602
NEG_at_1_jaccard: 0.020023744559812023
NEG_at_5_jaccard: 0.37837535186677074
NEG_at_10_jaccard: 0.3867099505393731
NEG_at_20_jaccard: 0.38954405434610867
NEG_at_50_jaccard: 0.39000526208501823
NEG_at_100_jaccard: 0.39000526208501823
users_DEL_cosine: 0.001358234098702788
users_INS_cosine: 0.0009543301981204795
NDCG_cosine: 0.18437696877329063
POS_at_1_cosine: 0.009063250227585003
POS_at_5_cosine: 0.3324452278141989
POS_at_10_cosine: 0.36551249284479925
POS_at_20_cosine: 0.3781306781042811
POS_at_50_cosine: 0.38367397759093536
POS_at_100_cosine: 0.3853198793373792
NEG_at_1_cosine: 0.020451838352130332
NEG_at_5_cosine: 0.37864941028036403
NEG_at_10_cosine: 0.3865869039046986
NEG_at_20_cosine: 0.38941116398066017
NEG_at_50_cosine: 0.39000526208501823
NEG_at_100_cosine: 0.39000526208501823
users_DEL_lime: 0.0014040880795364022
users_INS_lime: 0.0008674383196670851
NDCG_lime: 0.1912309316993864
POS_at_1_lime: 0.009233936767916536
POS_at_5_lime: 0.35040521803576924
POS_at_10_lime: 0.3768403740455085
POS_at_20_lime: 0.3822359748912725
POS_at_50_lime: 0.3851460000605099
POS_at_100_lime: 0.38571934144780473
NEG_at_1_lime: 0.007388012403072559
NEG_at_5_lime: 0.374681452191531
NEG_at_10_lime: 0.38660848584402047
NEG_at_20_lime: 0.38848491614112474
NEG_at_50_lime: 0.3891385857886149
NEG_at_100_lime: 0.38942747788741594
users_DEL_shap: 0.0015644319325135683
users_INS_shap: 0.0006201715223409849
NDCG_shap: 0.19572628347187643
POS_at_1_shap: 0.01257948343212129
POS_at_5_shap: 0.3609898535319372
POS_at_10_shap: 0.3823916184796546
POS_at_20_shap: 0.3866042731438614
POS_at_50_shap: 0.38771845305029795
POS_at_100_shap: 0.3886920067525515
NEG_at_1_shap: 0.01185174949619079
NEG_at_5_shap: 0.3666897688272126
NEG_at_10_shap: 0.38125804049640694
NEG_at_20_shap: 0.38674989575882723
NEG_at_50_shap: 0.38793113990248546
NEG_at_100_shap: 0.3889808988513527
users_DEL_accent: 0.0012755686905208147
users_INS_accent: 0.0011143652659684946
NDCG_accent: 0.1891652148989232
POS_at_1_accent: 0.022335662146508988
POS_at_5_accent: 0.31815491071290314
POS_at_10_accent: 0.35528398801958927
POS_at_20_accent: 0.371392897513233
POS_at_50_accent: 0.3789035101250666
POS_at_100_accent: 0.3824281304148556
NEG_at_1_accent: 0.009315364406456663
NEG_at_5_accent: 0.36359034154576275
NEG_at_10_accent: 0.3798072751749323
NEG_at_20_accent: 0.38576807801870827
NEG_at_50_accent: 0.3880475086316035
NEG_at_100_accent: 0.38920246933551755
