this experiment is for Neucheckpoints/ConsistencyExp/Yahoo/VAE/VAE_Yahoo_perf2_epoch4_hr0.1848.pt and VAE
users_DEL_lxr: 0.004874645145783877
users_INS_lxr: 0.005472809555162813
NDCG_lxr: 0.2731443423176275
POS_at_1_lxr: 0.011133474733028767
POS_at_5_lxr: 0.49151954742195286
POS_at_10_lxr: 0.5249191201557665
POS_at_20_lxr: 0.5563476663843436
POS_at_50_lxr: 0.5831319823684935
POS_at_100_lxr: 0.5938636523225062
NEG_at_1_lxr: 0.021063937554812586
NEG_at_5_lxr: 0.5363676204337561
NEG_at_10_lxr: 0.5662486908578757
NEG_at_20_lxr: 0.5806215900810743
NEG_at_50_lxr: 0.5968320263513908
NEG_at_100_lxr: 0.5968320263513908
users_DEL_jaccard: 0.004448201794729824
users_INS_jaccard: 0.006280619953243404
NDCG_jaccard: 0.27153091324466205
POS_at_1_jaccard: 0.013639966825695519
POS_at_5_jaccard: 0.4797546627104498
POS_at_10_jaccard: 0.5264289836568128
POS_at_20_jaccard: 0.5608610001826212
POS_at_50_jaccard: 0.5865934923960201
POS_at_100_jaccard: 0.5942256870731322
NEG_at_1_jaccard: 0.01738174416141911
NEG_at_5_jaccard: 0.5342884011483072
NEG_at_10_jaccard: 0.5658890781928737
NEG_at_20_jaccard: 0.5799198190200218
NEG_at_50_jaccard: 0.5965658919535198
NEG_at_100_jaccard: 0.5972312279481972
users_DEL_cosine: 0.004453467384182202
users_INS_cosine: 0.006252213833640734
NDCG_cosine: 0.2698115514631418
POS_at_1_cosine: 0.013370897121965724
POS_at_5_cosine: 0.4742779647632773
POS_at_10_cosine: 0.5217635071647808
POS_at_20_cosine: 0.5568664392830621
POS_at_50_cosine: 0.5847770455945434
POS_at_100_cosine: 0.5937532484916486
NEG_at_1_cosine: 0.0181842117820295
NEG_at_5_cosine: 0.5389714561243211
NEG_at_10_cosine: 0.5683006710472652
NEG_at_20_cosine: 0.5811617795434195
NEG_at_50_cosine: 0.5967876706184123
NEG_at_100_cosine: 0.5972312279481972
users_DEL_lime: 0.004836820772384994
users_INS_lime: 0.005479331943701341
NDCG_lime: 0.2726829588491301
POS_at_1_lime: 0.013286887556450456
POS_at_5_lime: 0.4784469012586371
POS_at_10_lime: 0.5226625597497371
POS_at_20_lime: 0.5535651326825328
POS_at_50_lime: 0.5835905694507668
POS_at_100_lime: 0.5958177910856585
NEG_at_1_lime: 0.017533405711537615
NEG_at_5_lime: 0.5417593488839866
NEG_at_10_lime: 0.5680118888486185
NEG_at_20_lime: 0.5817716708718736
NEG_at_50_lime: 0.5972312279481972
NEG_at_100_lime: 0.5972312279481972
users_DEL_shap: 0.004842302200485816
users_INS_shap: 0.005272360647026194
NDCG_shap: 0.2827788828887217
POS_at_1_shap: 0.01648471076390936
POS_at_5_shap: 0.5038524585919317
POS_at_10_shap: 0.539784458537739
POS_at_20_shap: 0.5663665242117447
POS_at_50_shap: 0.5918859973197867
POS_at_100_shap: 0.5958515696823113
NEG_at_1_shap: 0.014672544481734152
NEG_at_5_shap: 0.5143843164733958
NEG_at_10_shap: 0.5493591397223728
NEG_at_20_shap: 0.5675126585495358
NEG_at_50_shap: 0.589842561651388
NEG_at_100_shap: 0.5958872126820263
users_DEL_accent: 0.004374972413258745
users_INS_accent: 0.006360992015179334
NDCG_accent: 0.2780146744867668
POS_at_1_accent: 0.019136354512757994
POS_at_5_accent: 0.48767147998071547
POS_at_10_accent: 0.5276521267142594
POS_at_20_accent: 0.5602697162996509
POS_at_50_accent: 0.5868489112591749
POS_at_100_accent: 0.5946225605711717
NEG_at_1_accent: 0.01400335695167085
NEG_at_5_accent: 0.5230706763676605
NEG_at_10_accent: 0.5597648710507694
NEG_at_20_accent: 0.5751348630257007
NEG_at_50_accent: 0.5951859254625987
NEG_at_100_accent: 0.5972312279481972
