this experiment is for Neucheckpoints/ConsistencyExp/ML1M/VAE/VAE_ML1M_perf2_epoch10_hr0.1151.pt and VAE
users_DEL_lxr: 0.001413918212502992
users_INS_lxr: 0.0017221592435295527
NDCG_lxr: 0.19481019287535178
POS_at_1_lxr: 0.17099616432788212
POS_at_5_lxr: 0.212792712438072
POS_at_10_lxr: 0.21475206626819185
POS_at_20_lxr: 0.21616649342519326
POS_at_50_lxr: 0.21616649342519326
POS_at_100_lxr: 0.21616649342519326
NEG_at_1_lxr: 0.20505156554860196
NEG_at_5_lxr: 0.21475206626819185
NEG_at_10_lxr: 0.21475206626819185
NEG_at_20_lxr: 0.21616649342519326
NEG_at_50_lxr: 0.21616649342519326
NEG_at_100_lxr: 0.21616649342519326
users_DEL_jaccard: 0.001279629936381204
users_INS_jaccard: 0.0022364825763795154
NDCG_jaccard: 0.19653598066592928
POS_at_1_jaccard: 0.17212172117456212
POS_at_5_jaccard: 0.21294122728955714
POS_at_10_jaccard: 0.21475206626819185
POS_at_20_jaccard: 0.21616649342519326
POS_at_50_jaccard: 0.21616649342519326
POS_at_100_jaccard: 0.21616649342519326
NEG_at_1_jaccard: 0.1902245230446408
NEG_at_5_jaccard: 0.2143020212636914
NEG_at_10_jaccard: 0.21475206626819185
NEG_at_20_jaccard: 0.21616649342519326
NEG_at_50_jaccard: 0.21616649342519326
NEG_at_100_jaccard: 0.21616649342519326
users_DEL_cosine: 0.0012805897648325599
users_INS_cosine: 0.002228133373201765
NDCG_cosine: 0.19569051986784194
POS_at_1_cosine: 0.17085818229361738
POS_at_5_cosine: 0.2118990178054508
POS_at_10_cosine: 0.21475206626819185
POS_at_20_cosine: 0.21616649342519326
POS_at_50_cosine: 0.21616649342519326
POS_at_100_cosine: 0.21616649342519326
NEG_at_1_cosine: 0.19421604672507325
NEG_at_5_cosine: 0.21475206626819185
NEG_at_10_cosine: 0.21475206626819185
NEG_at_20_cosine: 0.21616649342519326
NEG_at_50_cosine: 0.21616649342519326
NEG_at_100_cosine: 0.21616649342519326
users_DEL_lime: 0.001499744480841551
users_INS_lime: 0.0014632011543565975
NDCG_lime: 0.2036396566214683
POS_at_1_lime: 0.19027330780167925
POS_at_5_lime: 0.21475206626819185
POS_at_10_lime: 0.21475206626819185
POS_at_20_lime: 0.21616649342519326
POS_at_50_lime: 0.21616649342519326
POS_at_100_lime: 0.21616649342519326
NEG_at_1_lime: 0.19580745641013672
NEG_at_5_lime: 0.21475206626819185
NEG_at_10_lime: 0.21475206626819185
NEG_at_20_lime: 0.21616649342519326
NEG_at_50_lime: 0.21616649342519326
NEG_at_100_lime: 0.21616649342519326
users_DEL_shap: 0.0014766962345280773
users_INS_shap: 0.0015139397773281458
NDCG_shap: 0.20045352707858768
POS_at_1_shap: 0.1807200453068992
POS_at_5_shap: 0.21298248141496964
POS_at_10_shap: 0.21475206626819185
POS_at_20_shap: 0.21616649342519326
POS_at_50_shap: 0.21616649342519326
POS_at_100_shap: 0.21616649342519326
NEG_at_1_shap: 0.1805879991982134
NEG_at_5_shap: 0.2143020212636914
NEG_at_10_shap: 0.21475206626819185
NEG_at_20_shap: 0.21616649342519326
NEG_at_50_shap: 0.21616649342519326
NEG_at_100_shap: 0.21616649342519326
users_DEL_accent: 0.0012529362622463298
users_INS_accent: 0.00218476479269864
NDCG_accent: 0.20338167879439303
POS_at_1_accent: 0.1883950974772087
POS_at_5_accent: 0.21266764729997922
POS_at_10_accent: 0.21475206626819185
POS_at_20_accent: 0.21616649342519326
POS_at_50_accent: 0.21616649342519326
POS_at_100_accent: 0.21616649342519326
NEG_at_1_accent: 0.1864938969364216
NEG_at_5_accent: 0.21376196725829089
NEG_at_10_accent: 0.21475206626819185
NEG_at_20_accent: 0.21616649342519326
NEG_at_50_accent: 0.21616649342519326
NEG_at_100_accent: 0.21616649342519326
