this experiment is for Neucheckpoints/ConsistencyExp/Pinterest/VAE/VAE_Pinterest_perf1_epoch2_hr0.0298.pt and VAE
users_DEL_lxr: 0.0009926091389669057
users_INS_lxr: 0.0004934083520811564
NDCG_lxr: 0.38082078729340446
POS_at_1_lxr: 0.3704569022683744
POS_at_5_lxr: 0.38727013581806147
POS_at_10_lxr: 0.38854979617772506
POS_at_20_lxr: 0.3889990921751938
POS_at_50_lxr: 0.38942307572210094
POS_at_100_lxr: 0.3895559660875495
NEG_at_1_lxr: 0.3724494457148925
NEG_at_5_lxr: 0.3868048655215375
NEG_at_10_lxr: 0.3880434846357353
NEG_at_20_lxr: 0.3886566925073571
NEG_at_50_lxr: 0.38926136493060537
NEG_at_100_lxr: 0.39000526208501823
users_DEL_jaccard: 0.0009621298340206323
users_INS_jaccard: 0.0005576577800413914
NDCG_jaccard: 0.3749461022671769
POS_at_1_jaccard: 0.3610501491765266
POS_at_5_jaccard: 0.3840436179263779
POS_at_10_jaccard: 0.38509234554419464
POS_at_20_jaccard: 0.3859663441922797
POS_at_50_jaccard: 0.38654853055519695
POS_at_100_jaccard: 0.3871417911152349
NEG_at_1_jaccard: 0.37162460531704833
NEG_at_5_jaccard: 0.387592718734223
NEG_at_10_jaccard: 0.38923510201253253
NEG_at_20_jaccard: 0.3896881373492888
NEG_at_50_jaccard: 0.38983914912820755
NEG_at_100_jaccard: 0.39000526208501823
users_DEL_cosine: 0.0009660208723386963
users_INS_cosine: 0.0005506760302770435
NDCG_cosine: 0.37510742145526127
POS_at_1_cosine: 0.3614785328723752
POS_at_5_cosine: 0.3838327894089244
POS_at_10_cosine: 0.3852505483602048
POS_at_20_cosine: 0.38599165664284135
POS_at_50_cosine: 0.3864409526403101
POS_at_100_cosine: 0.38685069793377636
NEG_at_1_cosine: 0.3715134470226412
NEG_at_5_cosine: 0.387592718734223
NEG_at_10_cosine: 0.38923510201253253
NEG_at_20_cosine: 0.3896881373492888
NEG_at_50_cosine: 0.38983914912820755
NEG_at_100_cosine: 0.39000526208501823
users_DEL_lime: 0.0009867649117505563
users_INS_lime: 0.000509296506668028
NDCG_lime: 0.3781141811778383
POS_at_1_lime: 0.3676636830096647
POS_at_5_lime: 0.38421316737474837
POS_at_10_lime: 0.38587912629197496
POS_at_20_lime: 0.38676365199305424
POS_at_50_lime: 0.3873450473418914
POS_at_100_lime: 0.3876081455032996
NEG_at_1_lime: 0.37352105301393834
NEG_at_5_lime: 0.3889132163143151
NEG_at_10_lime: 0.38985425030609944
NEG_at_20_lime: 0.39000526208501823
NEG_at_50_lime: 0.39000526208501823
NEG_at_100_lime: 0.39000526208501823
users_DEL_shap: 0.0010204921081734767
users_INS_shap: 0.0004603224533282827
NDCG_shap: 0.3787850216591194
POS_at_1_shap: 0.3657890674034422
POS_at_5_shap: 0.38860350630782897
POS_at_10_shap: 0.389767957861003
POS_at_20_shap: 0.3898866099730106
POS_at_50_shap: 0.3898866099730106
POS_at_100_shap: 0.39000526208501823
NEG_at_1_shap: 0.3699632142290082
NEG_at_5_shap: 0.38585903904086866
NEG_at_10_shap: 0.3884026675588357
NEG_at_20_shap: 0.38919684569520646
NEG_at_50_shap: 0.3896208292421136
NEG_at_100_shap: 0.39000526208501823
users_DEL_accent: 0.0008885922256358057
users_INS_accent: 0.0006754623531644351
NDCG_accent: 0.37177575095760274
POS_at_1_accent: 0.3572303992768319
POS_at_5_accent: 0.3815985313376022
POS_at_10_accent: 0.383674525557835
POS_at_20_accent: 0.38423017146231814
POS_at_50_accent: 0.384691023143739
POS_at_100_accent: 0.38500742877575916
NEG_at_1_accent: 0.3665741446747358
NEG_at_5_accent: 0.38507350077129227
NEG_at_10_accent: 0.3887516411498759
NEG_at_20_accent: 0.3894879388766651
NEG_at_50_accent: 0.3897394813541212
NEG_at_100_accent: 0.39000526208501823
