this experiment is for Neucheckpoints/ConsistencyExp/Pinterest/VAE/VAE_Pinterest_perf2_epoch3_hr0.0517.pt and VAE
users_DEL_lxr: 0.0017527350487207638
users_INS_lxr: 0.0009397267368132009
NDCG_lxr: 0.3586463910793963
POS_at_1_lxr: 0.3207327057677532
POS_at_5_lxr: 0.38236554251823757
POS_at_10_lxr: 0.385848755857828
POS_at_20_lxr: 0.38714970125603543
POS_at_50_lxr: 0.38773109660487265
POS_at_100_lxr: 0.3888582916689448
NEG_at_1_lxr: 0.35219760628548424
NEG_at_5_lxr: 0.38758062415373573
NEG_at_10_lxr: 0.38842179571749863
NEG_at_20_lxr: 0.38888993223214685
NEG_at_50_lxr: 0.38921424800496757
NEG_at_100_lxr: 0.3895306536369878
users_DEL_jaccard: 0.001668716838212762
users_INS_jaccard: 0.0011135116075549631
NDCG_jaccard: 0.34942510329900595
POS_at_1_jaccard: 0.30350868215501187
POS_at_5_jaccard: 0.37734267768972873
POS_at_10_jaccard: 0.3822617091276851
POS_at_20_jaccard: 0.38352302502355246
POS_at_50_jaccard: 0.3853153771228524
POS_at_100_jaccard: 0.3867657155080456
NEG_at_1_jaccard: 0.3439668837965382
NEG_at_5_jaccard: 0.38909164082255976
NEG_at_10_jaccard: 0.38983914912820755
NEG_at_20_jaccard: 0.39000526208501823
NEG_at_50_jaccard: 0.39000526208501823
NEG_at_100_jaccard: 0.39000526208501823
users_DEL_cosine: 0.00167462445618951
users_INS_cosine: 0.0011021016943935195
NDCG_cosine: 0.34879776231778187
POS_at_1_cosine: 0.30215040170789564
POS_at_5_cosine: 0.3775256916680626
POS_at_10_cosine: 0.38251764612780814
POS_at_20_cosine: 0.3835079238456606
POS_at_50_cosine: 0.3851769496588435
POS_at_100_cosine: 0.38662728804403673
NEG_at_1_cosine: 0.3447081480773296
NEG_at_5_cosine: 0.38925775377937033
NEG_at_10_cosine: 0.38983914912820755
NEG_at_20_cosine: 0.39000526208501823
NEG_at_50_cosine: 0.39000526208501823
NEG_at_100_cosine: 0.39000526208501823
users_DEL_lime: 0.0017434029954684661
users_INS_lime: 0.0009795749593611942
NDCG_lime: 0.35472609766910085
POS_at_1_lime: 0.31588973284713673
POS_at_5_lime: 0.3782366369440339
POS_at_10_lime: 0.3822611965400297
POS_at_20_lime: 0.384071701153624
POS_at_50_lime: 0.3853496283451724
POS_at_100_lime: 0.3859310236940096
NEG_at_1_lime: 0.3497105320737798
NEG_at_5_lime: 0.3872057170900738
NEG_at_10_lime: 0.3887630260601735
NEG_at_20_lime: 0.3895719239368165
NEG_at_50_lime: 0.3897163699862171
NEG_at_100_lime: 0.39000526208501823
users_DEL_shap: 0.0019482699310184358
users_INS_shap: 0.0007086504584219048
NDCG_shap: 0.3637529890637711
POS_at_1_shap: 0.3292182932979942
POS_at_5_shap: 0.3860010346931698
POS_at_10_shap: 0.3879009926725009
POS_at_20_shap: 0.38805919548851103
POS_at_50_shap: 0.3888226960353425
POS_at_100_shap: 0.3891193263153615
NEG_at_1_shap: 0.3395617585534148
NEG_at_5_shap: 0.3871612428705671
NEG_at_10_shap: 0.3885316028538839
NEG_at_20_shap: 0.3888226960353425
NEG_at_50_shap: 0.3888226960353425
NEG_at_100_shap: 0.3889611234993514
users_DEL_accent: 0.0015664189583380673
users_INS_accent: 0.001297913174456986
NDCG_accent: 0.34029252350901135
POS_at_1_accent: 0.2862494026953926
POS_at_5_accent: 0.3718782674507854
POS_at_10_accent: 0.3795968011886279
POS_at_20_accent: 0.38130518507839056
POS_at_50_accent: 0.38393766821228204
POS_at_100_accent: 0.38527843707796783
NEG_at_1_accent: 0.32391140617911557
NEG_at_5_accent: 0.3823468780736627
NEG_at_10_accent: 0.3867093004233495
NEG_at_20_accent: 0.3881590135009696
NEG_at_50_accent: 0.3895111045475953
NEG_at_100_accent: 0.389830406341007
