this experiment is for Neucheckpoints/ConsistencyExp/Yahoo/VAE/VAE_Yahoo_perf3_epoch6_hr0.2833.pt and VAE
users_DEL_lxr: 0.009109050423917029
users_INS_lxr: 0.011573757061120732
NDCG_lxr: 0.4567922368238442
POS_at_1_lxr: 0.34867414837815874
POS_at_5_lxr: 0.5043698438244646
POS_at_10_lxr: 0.5472907308553976
POS_at_20_lxr: 0.5672127084272539
POS_at_50_lxr: 0.5847035194624048
POS_at_100_lxr: 0.5928106097551238
NEG_at_1_lxr: 0.4290322499291755
NEG_at_5_lxr: 0.545626902466626
NEG_at_10_lxr: 0.571609383613778
NEG_at_20_lxr: 0.5793157601824299
NEG_at_50_lxr: 0.5886045419263016
NEG_at_100_lxr: 0.5931970164289557
users_DEL_jaccard: 0.008402626364560378
users_INS_jaccard: 0.01303134768183902
NDCG_jaccard: 0.45006633676154345
POS_at_1_jaccard: 0.33912410937410614
POS_at_5_jaccard: 0.4988141499234967
POS_at_10_jaccard: 0.5431483302198402
POS_at_20_jaccard: 0.5655478205292508
POS_at_50_jaccard: 0.5833341518028269
POS_at_100_jaccard: 0.5909412249815474
NEG_at_1_jaccard: 0.42509874165851436
NEG_at_5_jaccard: 0.5497125883601574
NEG_at_10_jaccard: 0.5737610465438839
NEG_at_20_jaccard: 0.5799479013834334
NEG_at_50_jaccard: 0.5895868485972311
NEG_at_100_jaccard: 0.5938774736962393
users_DEL_cosine: 0.008363649986138639
users_INS_cosine: 0.01308296848023052
NDCG_cosine: 0.4445430522055294
POS_at_1_cosine: 0.3311143101679094
POS_at_5_cosine: 0.4928498320196078
POS_at_10_cosine: 0.5390921938327776
POS_at_20_cosine: 0.562301657178297
POS_at_50_cosine: 0.5828487589521647
POS_at_100_cosine: 0.5910727800532223
NEG_at_1_cosine: 0.43350379961069874
NEG_at_5_cosine: 0.5514145558082642
NEG_at_10_cosine: 0.5742350984400916
NEG_at_20_cosine: 0.5799479013834334
NEG_at_50_cosine: 0.5895868485972311
NEG_at_100_cosine: 0.5940589289675149
users_DEL_lime: 0.010011004643867588
users_INS_lime: 0.010173675697279453
NDCG_lime: 0.4826156524975967
POS_at_1_lime: 0.3918698605760768
POS_at_5_lime: 0.527989029232319
POS_at_10_lime: 0.5603755299890207
POS_at_20_lime: 0.5730976168732058
POS_at_50_lime: 0.584487651941148
POS_at_100_lime: 0.5915699674965177
NEG_at_1_lime: 0.4234007044842632
NEG_at_5_lime: 0.5419392906940234
NEG_at_10_lime: 0.5705668438736333
NEG_at_20_lime: 0.5801745044543479
NEG_at_50_lime: 0.5899497591397822
NEG_at_100_lime: 0.5940186055738981
users_DEL_shap: 0.009557368535803867
users_INS_shap: 0.010333140911868655
NDCG_shap: 0.4810199262996959
POS_at_1_shap: 0.3889748651961925
POS_at_5_shap: 0.5240264501286617
POS_at_10_shap: 0.5617987649566585
POS_at_20_shap: 0.5759407851289943
POS_at_50_shap: 0.5868246961344797
POS_at_100_shap: 0.5930735260360043
NEG_at_1_shap: 0.3853293771723682
NEG_at_5_shap: 0.5271957760640844
NEG_at_10_shap: 0.5606135002694952
NEG_at_20_shap: 0.5739383993963215
NEG_at_50_shap: 0.5879508709133492
NEG_at_100_shap: 0.5933633504276251
users_DEL_accent: 0.008455476032950864
users_INS_accent: 0.012407644023933566
NDCG_accent: 0.4709198349328212
POS_at_1_accent: 0.376969682980416
POS_at_5_accent: 0.5094636732711662
POS_at_10_accent: 0.5499459675408651
POS_at_20_accent: 0.5701502909671399
POS_at_50_accent: 0.5837957900217412
POS_at_100_accent: 0.591904450046569
NEG_at_1_accent: 0.38131659102059745
NEG_at_5_accent: 0.5306841341440266
NEG_at_10_accent: 0.5659603783082411
NEG_at_20_accent: 0.577223076140853
NEG_at_50_accent: 0.5890727253286168
NEG_at_100_accent: 0.5935448056989007
