this experiment is for Neucheckpoints/ConsistencyExp/ML1M/VAE/VAE_ML1M_perf2_epoch10_hr0.1151.pt and VAE
users_DEL_lxr: 0.0010694745906961107
users_INS_lxr: 0.0012670076064691283
NDCG_lxr: 0.0790109189155824
POS_at_1_lxr: 0.0
POS_at_5_lxr: 0.11286638649449536
POS_at_10_lxr: 0.1973554376301728
POS_at_20_lxr: 0.20859211021047425
POS_at_50_lxr: 0.21616649342519326
POS_at_100_lxr: 0.21616649342519326
NEG_at_1_lxr: 0.0019801980198019802
NEG_at_5_lxr: 0.17793370709120984
NEG_at_10_lxr: 0.21266185724728975
NEG_at_20_lxr: 0.21475206626819185
NEG_at_50_lxr: 0.21616649342519326
NEG_at_100_lxr: 0.21616649342519326
users_DEL_jaccard: 0.0009733659589079958
users_INS_jaccard: 0.00162129365725477
NDCG_jaccard: 0.07981935831449741
POS_at_1_jaccard: 0.0010422094841063053
POS_at_5_jaccard: 0.11321294287962219
POS_at_10_jaccard: 0.1932288979456262
POS_at_20_jaccard: 0.21225888216717306
POS_at_50_jaccard: 0.21616649342519326
POS_at_100_jaccard: 0.21616649342519326
NEG_at_1_jaccard: 0.0
NEG_at_5_jaccard: 0.1659786525878511
NEG_at_10_jaccard: 0.21140373143470848
NEG_at_20_jaccard: 0.2134019312546905
NEG_at_50_jaccard: 0.21616649342519326
NEG_at_100_jaccard: 0.21616649342519326
users_DEL_cosine: 0.0009753966699687427
users_INS_cosine: 0.0016133772967029702
NDCG_cosine: 0.07929853138445846
POS_at_1_cosine: 0.0010422094841063053
POS_at_5_cosine: 0.11277529909127104
POS_at_10_cosine: 0.1916400247725946
POS_at_20_cosine: 0.21150255653460978
POS_at_50_cosine: 0.21616649342519326
POS_at_100_cosine: 0.21616649342519326
NEG_at_1_cosine: 0.0
NEG_at_5_cosine: 0.1755000851200466
NEG_at_10_cosine: 0.2116017512366887
NEG_at_20_cosine: 0.2134019312546905
NEG_at_50_cosine: 0.21616649342519326
NEG_at_100_cosine: 0.21616649342519326
users_DEL_lime: 0.0011215016843959481
users_INS_lime: 0.0011076996878311843
NDCG_lime: 0.08066004184529832
POS_at_1_lime: 0.0005211047420531526
POS_at_5_lime: 0.13982785245057908
POS_at_10_lime: 0.19686385982843002
POS_at_20_lime: 0.2098515762191869
POS_at_50_lime: 0.21616649342519326
POS_at_100_lime: 0.21616649342519326
NEG_at_1_lime: 0.0023553934340802504
NEG_at_5_lime: 0.18175988995006734
NEG_at_10_lime: 0.21385197625919095
NEG_at_20_lime: 0.21475206626819185
NEG_at_50_lime: 0.21616649342519326
NEG_at_100_lime: 0.21616649342519326
users_DEL_shap: 0.0011026186892127336
users_INS_shap: 0.0011529446959660725
NDCG_shap: 0.08468782034696272
POS_at_1_shap: 0.0030224075039082857
POS_at_5_shap: 0.1456438924174521
POS_at_10_shap: 0.20030409674596494
POS_at_20_shap: 0.21334942600416545
POS_at_50_shap: 0.21616649342519326
POS_at_100_shap: 0.21616649342519326
NEG_at_1_shap: 0.0
NEG_at_5_shap: 0.14330136706851548
NEG_at_10_shap: 0.19891244109688352
NEG_at_20_shap: 0.208917444344461
NEG_at_50_shap: 0.21616649342519326
NEG_at_100_shap: 0.21616649342519326
users_DEL_accent: 0.0009554875677811704
users_INS_accent: 0.0015790300379962528
NDCG_accent: 0.08385584102220311
POS_at_1_accent: 0.0020844189682126106
POS_at_5_accent: 0.13690824719510428
POS_at_10_accent: 0.19758225086333556
POS_at_20_accent: 0.2104257640727549
POS_at_50_accent: 0.21616649342519326
POS_at_100_accent: 0.21616649342519326
NEG_at_1_accent: 0.0
NEG_at_5_accent: 0.1582106565798018
NEG_at_10_accent: 0.20702138111176416
NEG_at_20_accent: 0.21343193425499055
NEG_at_50_accent: 0.21616649342519326
NEG_at_100_accent: 0.21616649342519326
