this experiment is for Neucheckpoints/ConsistencyExp/Yahoo/VAE/VAE_Yahoo_perf3_epoch6_hr0.2833.pt and VAE
users_DEL_lxr: 0.006571602453669014
users_INS_lxr: 0.008596635745773108
NDCG_lxr: 0.21970276371529765
POS_at_1_lxr: 0.006142260932680094
POS_at_5_lxr: 0.310047853823582
POS_at_10_lxr: 0.4573766197477121
POS_at_20_lxr: 0.5266329301763124
POS_at_50_lxr: 0.5720473612095761
POS_at_100_lxr: 0.5886572875913829
NEG_at_1_lxr: 0.028941140150280507
NEG_at_5_lxr: 0.463575685939448
NEG_at_10_lxr: 0.5330185952176467
NEG_at_20_lxr: 0.5646949795436853
NEG_at_50_lxr: 0.5835607334393794
NEG_at_100_lxr: 0.5923139341087477
users_DEL_jaccard: 0.006150839387745051
users_INS_jaccard: 0.009602120045746886
NDCG_jaccard: 0.22287422388850667
POS_at_1_jaccard: 0.009578509204257709
POS_at_5_jaccard: 0.31944398500029014
POS_at_10_jaccard: 0.45892603204420784
POS_at_20_jaccard: 0.5298421386912329
POS_at_50_jaccard: 0.5708579165114832
POS_at_100_jaccard: 0.5890336980440803
NEG_at_1_jaccard: 0.019565600157814573
NEG_at_5_jaccard: 0.4485624288684077
NEG_at_10_jaccard: 0.5314077518187884
NEG_at_20_jaccard: 0.5655045418302935
NEG_at_50_jaccard: 0.586768027365236
NEG_at_100_jaccard: 0.5929263456493029
users_DEL_cosine: 0.006128648762828377
users_INS_cosine: 0.009606757659168913
NDCG_cosine: 0.22062954123478332
POS_at_1_cosine: 0.009497106353393778
POS_at_5_cosine: 0.31220387701402685
POS_at_10_cosine: 0.45371530102886676
POS_at_20_cosine: 0.5246210913074588
POS_at_50_cosine: 0.5694822905849589
POS_at_100_cosine: 0.5894671745254612
NEG_at_1_cosine: 0.021846741431840566
NEG_at_5_cosine: 0.4518569260916138
NEG_at_10_cosine: 0.5326907156516524
NEG_at_20_cosine: 0.5663189183682229
NEG_at_50_cosine: 0.586768027365236
NEG_at_100_cosine: 0.5929263456493029
users_DEL_lime: 0.007121412068788555
users_INS_lime: 0.007579820298640657
NDCG_lime: 0.23508380845512084
POS_at_1_lime: 0.00887041810629418
POS_at_5_lime: 0.3746925145070972
POS_at_10_lime: 0.4908564340408484
POS_at_20_lime: 0.542293385500911
POS_at_50_lime: 0.5762881289559333
POS_at_100_lime: 0.5897987624318993
NEG_at_1_lime: 0.013906433001778117
NEG_at_5_lime: 0.43779558503135796
NEG_at_10_lime: 0.5202514001414403
NEG_at_20_lime: 0.5644264107870927
NEG_at_50_lime: 0.585719115088779
NEG_at_100_lime: 0.5929263456493029
users_DEL_shap: 0.006951728310533659
users_INS_shap: 0.007480973292381504
NDCG_shap: 0.2455907449666914
POS_at_1_shap: 0.018046070859163345
POS_at_5_shap: 0.3888109091795239
POS_at_10_shap: 0.4980351534749323
POS_at_20_shap: 0.5472748028156537
POS_at_50_shap: 0.5780784376964284
POS_at_100_shap: 0.5916485981140703
NEG_at_1_shap: 0.011089564160325317
NEG_at_5_shap: 0.38718480152240814
NEG_at_10_shap: 0.4951983059716177
NEG_at_20_shap: 0.5468530611269271
NEG_at_50_shap: 0.5810957499863719
NEG_at_100_shap: 0.5926174396517742
users_DEL_accent: 0.00606177422231638
users_INS_accent: 0.009206602740566798
NDCG_accent: 0.2343081531667929
POS_at_1_accent: 0.016342921324470443
POS_at_5_accent: 0.34681146320719425
POS_at_10_accent: 0.46614686814715267
POS_at_20_accent: 0.5259696692935534
POS_at_50_accent: 0.5691260402205516
POS_at_100_accent: 0.5881539317924264
NEG_at_1_accent: 0.014539735833045788
NEG_at_5_accent: 0.41394926395640397
NEG_at_10_accent: 0.5164692186954006
NEG_at_20_accent: 0.5604934868691387
NEG_at_50_accent: 0.586444000095101
NEG_at_100_accent: 0.5929263456493029
