this experiment is for Neucheckpoints/ConsistencyExp/ML1M/VAE/VAE_ML1M_perf4_epoch12_hr0.1225.pt and VAE
users_DEL_lxr: 0.0010806548082605413
users_INS_lxr: 0.0013919955781194605
NDCG_lxr: 0.0983375264584872
POS_at_1_lxr: 0.0013288347090287124
POS_at_5_lxr: 0.1706096261681322
POS_at_10_lxr: 0.19923383775361106
POS_at_20_lxr: 0.21288759410668998
POS_at_50_lxr: 0.21333763911119044
POS_at_100_lxr: 0.21616649342519326
NEG_at_1_lxr: 0.00908948846255161
NEG_at_5_lxr: 0.20787979519015237
NEG_at_10_lxr: 0.21333763911119044
NEG_at_20_lxr: 0.21333763911119044
NEG_at_50_lxr: 0.21475206626819185
NEG_at_100_lxr: 0.21616649342519326
users_DEL_jaccard: 0.0009938189728703646
users_INS_jaccard: 0.001722320261796579
NDCG_jaccard: 0.09983747264068175
POS_at_1_jaccard: 0.0018069306930693068
POS_at_5_jaccard: 0.18025466205957513
POS_at_10_jaccard: 0.20429173452073138
POS_at_20_jaccard: 0.21385197625919095
POS_at_50_jaccard: 0.21475206626819185
POS_at_100_jaccard: 0.21616649342519326
NEG_at_1_jaccard: 0.010025030179968995
NEG_at_5_jaccard: 0.19706818249519917
NEG_at_10_jaccard: 0.21005873979268716
NEG_at_20_jaccard: 0.211923211954189
NEG_at_50_jaccard: 0.21475206626819185
NEG_at_100_jaccard: 0.21616649342519326
users_DEL_cosine: 0.0009982937334198597
users_INS_cosine: 0.001713862087921081
NDCG_cosine: 0.0993796605595597
POS_at_1_cosine: 0.0010148514851485149
POS_at_5_cosine: 0.17914291317662523
POS_at_10_cosine: 0.20414961504562598
POS_at_20_cosine: 0.21295188625019004
POS_at_50_cosine: 0.21475206626819185
POS_at_100_cosine: 0.21616649342519326
NEG_at_1_cosine: 0.010037863359838705
NEG_at_5_cosine: 0.19836358676090043
NEG_at_10_cosine: 0.21005873979268716
NEG_at_20_cosine: 0.211923211954189
NEG_at_50_cosine: 0.21475206626819185
NEG_at_100_cosine: 0.21616649342519326
users_DEL_lime: 0.001134379233867502
users_INS_lime: 0.0012085479628805079
NDCG_lime: 0.10215158147782741
POS_at_1_lime: 0.001410891089108911
POS_at_5_lime: 0.18039597492450654
POS_at_10_lime: 0.20707978422353449
POS_at_20_lime: 0.21376196725829089
POS_at_50_lime: 0.21475206626819185
POS_at_100_lime: 0.21616649342519326
NEG_at_1_lime: 0.005716888044615078
NEG_at_5_lime: 0.20808644597568254
NEG_at_10_lime: 0.21475206626819185
NEG_at_20_lime: 0.21475206626819185
NEG_at_50_lime: 0.21475206626819185
NEG_at_100_lime: 0.21616649342519326
users_DEL_shap: 0.0011515065358169724
users_INS_shap: 0.0011837162077050632
NDCG_shap: 0.10933013898036538
POS_at_1_shap: 0.011166707402781226
POS_at_5_shap: 0.19218888634365794
POS_at_10_shap: 0.20899470481776108
POS_at_20_shap: 0.21385197625919095
POS_at_50_shap: 0.21475206626819185
POS_at_100_shap: 0.21616649342519326
NEG_at_1_shap: 0.01129143938200802
NEG_at_5_shap: 0.1892885885712366
NEG_at_10_shap: 0.20609834375308317
NEG_at_20_shap: 0.20994301393438702
NEG_at_50_shap: 0.21475206626819185
NEG_at_100_shap: 0.21616649342519326
users_DEL_accent: 0.000976614160338424
users_INS_accent: 0.001701538790695597
NDCG_accent: 0.10497740476134855
POS_at_1_accent: 0.00197235786927109
POS_at_5_accent: 0.19157927557386292
POS_at_10_accent: 0.2083871440616855
POS_at_20_accent: 0.21475206626819185
POS_at_50_accent: 0.21475206626819185
POS_at_100_accent: 0.21616649342519326
NEG_at_1_accent: 0.00808500084991457
NEG_at_5_accent: 0.19870141600308242
NEG_at_10_accent: 0.21144745009228852
NEG_at_20_accent: 0.21333763911119044
NEG_at_50_accent: 0.21475206626819185
NEG_at_100_accent: 0.21616649342519326
