this experiment is for Neucheckpoints/ConsistencyExp/Yahoo/VAE/VAE_Yahoo_perf1_epoch1_hr0.0971.pt and VAE
users_DEL_lxr: 0.0013403145978183905
users_INS_lxr: 0.0010196510302410697
NDCG_lxr: 0.36133371497936917
POS_at_1_lxr: 0.0019249820167167061
POS_at_5_lxr: 0.5966324255529877
POS_at_10_lxr: 0.5972312279481972
POS_at_20_lxr: 0.5972312279481972
POS_at_50_lxr: 0.5972312279481972
POS_at_100_lxr: 0.5972312279481972
NEG_at_1_lxr: 0.0028681284405130828
NEG_at_5_lxr: 0.5966324255529877
NEG_at_10_lxr: 0.5972312279481972
NEG_at_20_lxr: 0.5972312279481972
NEG_at_50_lxr: 0.5972312279481972
NEG_at_100_lxr: 0.5972312279481972
users_DEL_jaccard: 0.0012611928462060093
users_INS_jaccard: 0.0011239815215669485
NDCG_jaccard: 0.35616169110234713
POS_at_1_jaccard: 0.0027439141196281642
POS_at_5_jaccard: 0.5966324255529877
POS_at_10_jaccard: 0.5972312279481972
POS_at_20_jaccard: 0.5972312279481972
POS_at_50_jaccard: 0.5972312279481972
POS_at_100_jaccard: 0.5972312279481972
NEG_at_1_jaccard: 0.0016590111517902992
NEG_at_5_jaccard: 0.5966324255529877
NEG_at_10_jaccard: 0.5972312279481972
NEG_at_20_jaccard: 0.5972312279481972
NEG_at_50_jaccard: 0.5972312279481972
NEG_at_100_jaccard: 0.5972312279481972
users_DEL_cosine: 0.0012640591745878545
users_INS_cosine: 0.0011200357061027077
NDCG_cosine: 0.3562020664341926
POS_at_1_cosine: 0.002800942919171934
POS_at_5_cosine: 0.5966324255529877
POS_at_10_cosine: 0.5972312279481972
POS_at_20_cosine: 0.5972312279481972
POS_at_50_cosine: 0.5972312279481972
POS_at_100_cosine: 0.5972312279481972
NEG_at_1_cosine: 0.0018991725402433398
NEG_at_5_cosine: 0.5966324255529877
NEG_at_10_cosine: 0.5972312279481972
NEG_at_20_cosine: 0.5972312279481972
NEG_at_50_cosine: 0.5972312279481972
NEG_at_100_cosine: 0.5972312279481972
users_DEL_lime: 0.001278354013803094
users_INS_lime: 0.0010974254000755519
NDCG_lime: 0.35871689256430955
POS_at_1_lime: 0.0034089620900653564
POS_at_5_lime: 0.5966324255529877
POS_at_10_lime: 0.5972312279481972
POS_at_20_lime: 0.5972312279481972
POS_at_50_lime: 0.5972312279481972
POS_at_100_lime: 0.5972312279481972
NEG_at_1_lime: 0.0017264088239783907
NEG_at_5_lime: 0.5966324255529877
NEG_at_10_lime: 0.5972312279481972
NEG_at_20_lime: 0.5972312279481972
NEG_at_50_lime: 0.5972312279481972
NEG_at_100_lime: 0.5972312279481972
users_DEL_shap: 0.0012878599373857096
users_INS_shap: 0.0010829350899725313
NDCG_shap: 0.3586175970174734
POS_at_1_shap: 0.0034155657648456735
POS_at_5_shap: 0.5966324255529877
POS_at_10_shap: 0.5972312279481972
POS_at_20_shap: 0.5972312279481972
POS_at_50_shap: 0.5972312279481972
POS_at_100_shap: 0.5972312279481972
NEG_at_1_shap: 0.0012781075655327152
NEG_at_5_shap: 0.5966324255529877
NEG_at_10_shap: 0.5972312279481972
NEG_at_20_shap: 0.5972312279481972
NEG_at_50_shap: 0.5972312279481972
NEG_at_100_shap: 0.5972312279481972
users_DEL_accent: 0.0012189238673870812
users_INS_accent: 0.0011928630789971725
NDCG_accent: 0.3547196071283407
POS_at_1_accent: 0.003909076773067462
POS_at_5_accent: 0.5966324255529877
POS_at_10_accent: 0.5972312279481972
POS_at_20_accent: 0.5972312279481972
POS_at_50_accent: 0.5972312279481972
POS_at_100_accent: 0.5972312279481972
NEG_at_1_accent: 0.0010966522942570847
NEG_at_5_accent: 0.5966324255529877
NEG_at_10_accent: 0.5972312279481972
NEG_at_20_accent: 0.5972312279481972
NEG_at_50_accent: 0.5972312279481972
NEG_at_100_accent: 0.5972312279481972
