this experiment is for Neucheckpoints/ConsistencyExp/ML1M/VAE/VAE_ML1M_perf2_epoch10_hr0.1151.pt and VAE
users_DEL_lxr: 0.0011763424706122657
users_INS_lxr: 0.0014271247765645027
NDCG_lxr: 0.10476338578689778
POS_at_1_lxr: 0.009965062440309964
POS_at_5_lxr: 0.18052883051159563
POS_at_10_lxr: 0.20484334375915667
POS_at_20_lxr: 0.21517639441529227
POS_at_50_lxr: 0.21616649342519326
POS_at_100_lxr: 0.21616649342519326
NEG_at_1_lxr: 0.015264133556212764
NEG_at_5_lxr: 0.20749197445319142
NEG_at_10_lxr: 0.21616649342519326
NEG_at_20_lxr: 0.21616649342519326
NEG_at_50_lxr: 0.21616649342519326
NEG_at_100_lxr: 0.21616649342519326
users_DEL_jaccard: 0.0010645719930808685
users_INS_jaccard: 0.0017763204921170798
NDCG_jaccard: 0.10226546092950053
POS_at_1_jaccard: 0.007514144271570014
POS_at_5_jaccard: 0.1804617116010304
POS_at_10_jaccard: 0.2068187093317154
POS_at_20_jaccard: 0.21526640341619233
POS_at_50_jaccard: 0.21616649342519326
POS_at_100_jaccard: 0.21616649342519326
NEG_at_1_jaccard: 0.017116439866983215
NEG_at_5_jaccard: 0.20337916896428213
NEG_at_10_jaccard: 0.2156714439202428
NEG_at_20_jaccard: 0.21616649342519326
NEG_at_50_jaccard: 0.21616649342519326
NEG_at_100_jaccard: 0.21616649342519326
users_DEL_cosine: 0.0010685532609020817
users_INS_cosine: 0.00177042531873854
NDCG_cosine: 0.10053236078666565
POS_at_1_cosine: 0.004685289957567185
POS_at_5_cosine: 0.1786630410321598
POS_at_10_cosine: 0.20539569253610876
POS_at_20_cosine: 0.21436631340719148
POS_at_50_cosine: 0.21616649342519326
POS_at_100_cosine: 0.21616649342519326
NEG_at_1_cosine: 0.018482569511306533
NEG_at_5_cosine: 0.20411358306503283
NEG_at_10_cosine: 0.2156714439202428
NEG_at_20_cosine: 0.21616649342519326
NEG_at_50_cosine: 0.21616649342519326
NEG_at_100_cosine: 0.21616649342519326
users_DEL_lime: 0.0012457634191821282
users_INS_lime: 0.0012137401457482867
NDCG_lime: 0.10600932075182964
POS_at_1_lime: 0.0044589816124469585
POS_at_5_lime: 0.19822904021940418
POS_at_10_lime: 0.2154048788021925
POS_at_20_lime: 0.21616649342519326
POS_at_50_lime: 0.21616649342519326
POS_at_100_lime: 0.21616649342519326
NEG_at_1_lime: 0.013850392409919095
NEG_at_5_lime: 0.20049625733164878
NEG_at_10_lime: 0.21616649342519326
NEG_at_20_lime: 0.21616649342519326
NEG_at_50_lime: 0.21616649342519326
NEG_at_100_lime: 0.21616649342519326
users_DEL_shap: 0.0012035552571684066
users_INS_shap: 0.0012955445771728562
NDCG_shap: 0.10619519057337946
POS_at_1_shap: 0.0073749439403870696
POS_at_5_shap: 0.18719874510441037
POS_at_10_shap: 0.209234567355874
POS_at_20_shap: 0.21319619639549028
POS_at_50_shap: 0.21616649342519326
POS_at_100_shap: 0.21616649342519326
NEG_at_1_shap: 0.014114576871220958
NEG_at_5_shap: 0.19216849896453883
NEG_at_10_shap: 0.21072787264003784
NEG_at_20_shap: 0.21616649342519326
NEG_at_50_shap: 0.21616649342519326
NEG_at_100_shap: 0.21616649342519326
users_DEL_accent: 0.0010418503877961684
users_INS_accent: 0.001767043127496613
NDCG_accent: 0.10790863369878455
POS_at_1_accent: 0.011589923171686186
POS_at_5_accent: 0.19118229041943238
POS_at_10_accent: 0.20406028280413116
POS_at_20_accent: 0.21616649342519326
POS_at_50_accent: 0.21616649342519326
POS_at_100_accent: 0.21616649342519326
NEG_at_1_accent: 0.011533273536412876
NEG_at_5_accent: 0.2026195938062764
NEG_at_10_accent: 0.21616649342519326
NEG_at_20_accent: 0.21616649342519326
NEG_at_50_accent: 0.21616649342519326
NEG_at_100_accent: 0.21616649342519326
