this experiment is for Neucheckpoints/ConsistencyExp/Pinterest/VAE/VAE_Pinterest_perf1_epoch2_hr0.0298.pt and VAE
users_DEL_lxr: 0.0008435710873214952
users_INS_lxr: 0.00040919676601608863
NDCG_lxr: 0.16894970387380184
POS_at_1_lxr: 0.002869707373094006
POS_at_5_lxr: 0.3716259731485613
POS_at_10_lxr: 0.38830774586922956
POS_at_20_lxr: 0.3887570418666983
POS_at_50_lxr: 0.3895306536369878
POS_at_100_lxr: 0.38968885645299794
NEG_at_1_lxr: 0.0011295681063122922
NEG_at_5_lxr: 0.37372909114734926
NEG_at_10_lxr: 0.3877998874456778
NEG_at_20_lxr: 0.3888299965012592
NEG_at_50_lxr: 0.38942747788741594
NEG_at_100_lxr: 0.3897163699862171
users_DEL_jaccard: 0.0008069799171225648
users_INS_jaccard: 0.00048041293616948817
NDCG_jaccard: 0.16522909353462314
POS_at_1_jaccard: 0.003215965827516167
POS_at_5_jaccard: 0.3544182514782038
POS_at_10_jaccard: 0.38191367485542255
POS_at_20_jaccard: 0.38430996689363783
POS_at_50_jaccard: 0.3864119113819569
POS_at_100_jaccard: 0.38711599717784195
NEG_at_1_jaccard: 0.002890365448504983
NEG_at_5_jaccard: 0.37132003044351836
NEG_at_10_jaccard: 0.3889941397392143
NEG_at_20_jaccard: 0.3889941397392143
NEG_at_50_jaccard: 0.3891385857886149
NEG_at_100_jaccard: 0.38942747788741594
users_DEL_cosine: 0.0008098000946714883
users_INS_cosine: 0.0004750908436568719
NDCG_cosine: 0.16520934328142076
POS_at_1_cosine: 0.003215965827516167
POS_at_5_cosine: 0.35458400853629196
POS_at_10_cosine: 0.3820029230647304
POS_at_20_cosine: 0.3844358745141038
POS_at_50_cosine: 0.38638659893139526
POS_at_100_cosine: 0.3869577943618318
NEG_at_1_cosine: 0.002890365448504983
NEG_at_5_cosine: 0.3711755843941178
NEG_at_10_cosine: 0.3889941397392143
NEG_at_20_cosine: 0.3889941397392143
NEG_at_50_cosine: 0.3891385857886149
NEG_at_100_cosine: 0.38942747788741594
users_DEL_lime: 0.0008253513147467864
users_INS_lime: 0.000442906153472151
NDCG_lime: 0.16488343461478716
POS_at_1_lime: 0.0013211649408845544
POS_at_5_lime: 0.3567698222048824
POS_at_10_lime: 0.38171577283904706
POS_at_20_lime: 0.3846088857596545
POS_at_50_lime: 0.38704776361545845
POS_at_100_lime: 0.38718065398090695
NEG_at_1_lime: 0.0024015283739799048
NEG_at_5_lime: 0.37736878888293746
NEG_at_10_lime: 0.39000526208501823
NEG_at_20_lime: 0.39000526208501823
NEG_at_50_lime: 0.39000526208501823
NEG_at_100_lime: 0.39000526208501823
users_DEL_shap: 0.0008503656226815645
users_INS_shap: 0.0004048854162734076
NDCG_shap: 0.1668778473425326
POS_at_1_shap: 0.001467171936093899
POS_at_5_shap: 0.3638237467602582
POS_at_10_shap: 0.38644122253259144
POS_at_20_shap: 0.3877983184457045
POS_at_50_shap: 0.38926645493425094
POS_at_100_shap: 0.3896287393829141
NEG_at_1_shap: 0.004142131592011303
NEG_at_5_shap: 0.3711785849274829
NEG_at_10_shap: 0.389038161392365
NEG_at_20_shap: 0.3897394813541212
NEG_at_50_shap: 0.39000526208501823
NEG_at_100_shap: 0.39000526208501823
users_DEL_accent: 0.0007480219852075075
users_INS_accent: 0.0005778034745571461
NDCG_accent: 0.162592664968731
POS_at_1_accent: 0.002793858716634192
POS_at_5_accent: 0.3382903545513697
POS_at_10_accent: 0.37835467479404594
POS_at_20_accent: 0.3806086974092964
POS_at_50_accent: 0.38315960066024135
POS_at_100_accent: 0.3843813915333458
NEG_at_1_accent: 0.002713942032306106
NEG_at_5_accent: 0.3714791023145628
NEG_at_10_accent: 0.38860991324780886
NEG_at_20_accent: 0.38957336839731055
NEG_at_50_accent: 0.39000526208501823
NEG_at_100_accent: 0.39000526208501823
