this experiment is for Neucheckpoints/ConsistencyExp/ML1M/VAE/VAE_ML1M_perf4_epoch12_hr0.1225.pt and VAE
users_DEL_lxr: 0.001190750798477535
users_INS_lxr: 0.0014721802036463984
NDCG_lxr: 0.1282559666910592
POS_at_1_lxr: 0.015305707328074894
POS_at_5_lxr: 0.2061555258120771
POS_at_10_lxr: 0.21319619639549028
POS_at_20_lxr: 0.21616649342519326
POS_at_50_lxr: 0.21616649342519326
POS_at_100_lxr: 0.21616649342519326
NEG_at_1_lxr: 0.033247058448635534
NEG_at_5_lxr: 0.21256613338918962
NEG_at_10_lxr: 0.21616649342519326
NEG_at_20_lxr: 0.21616649342519326
NEG_at_50_lxr: 0.21616649342519326
NEG_at_100_lxr: 0.21616649342519326
users_DEL_jaccard: 0.0010852025502718786
users_INS_jaccard: 0.0018491512208345556
NDCG_jaccard: 0.12759201689468117
POS_at_1_jaccard: 0.014475594595064823
POS_at_5_jaccard: 0.20455455477137363
POS_at_10_jaccard: 0.21129025580143088
POS_at_20_jaccard: 0.2156714439202428
POS_at_50_jaccard: 0.21616649342519326
POS_at_100_jaccard: 0.21616649342519326
NEG_at_1_jaccard: 0.024080207271055486
NEG_at_5_jaccard: 0.21053382489518235
NEG_at_10_jaccard: 0.21616649342519326
NEG_at_20_jaccard: 0.21616649342519326
NEG_at_50_jaccard: 0.21616649342519326
NEG_at_100_jaccard: 0.21616649342519326
users_DEL_cosine: 0.001085552654306221
users_INS_cosine: 0.0018414503299563508
NDCG_cosine: 0.1259097676030384
POS_at_1_cosine: 0.012412190654695529
POS_at_5_cosine: 0.20471976866118366
POS_at_10_cosine: 0.21129025580143088
POS_at_20_cosine: 0.2156714439202428
POS_at_50_cosine: 0.21616649342519326
POS_at_100_cosine: 0.21616649342519326
NEG_at_1_cosine: 0.024472334629688012
NEG_at_5_cosine: 0.21157603437928865
NEG_at_10_cosine: 0.21616649342519326
NEG_at_20_cosine: 0.21616649342519326
NEG_at_50_cosine: 0.21616649342519326
NEG_at_100_cosine: 0.21616649342519326
users_DEL_lime: 0.001261277094972643
users_INS_lime: 0.0012581017095331763
NDCG_lime: 0.13068573003116576
POS_at_1_lime: 0.01839363367389557
POS_at_5_lime: 0.2012005231439546
POS_at_10_lime: 0.21098801505104006
POS_at_20_lime: 0.21616649342519326
POS_at_50_lime: 0.21616649342519326
POS_at_100_lime: 0.21616649342519326
NEG_at_1_lime: 0.02559807997547276
NEG_at_5_lime: 0.21517639441529227
NEG_at_10_lime: 0.21616649342519326
NEG_at_20_lime: 0.21616649342519326
NEG_at_50_lime: 0.21616649342519326
NEG_at_100_lime: 0.21616649342519326
users_DEL_shap: 0.0012281572420027075
users_INS_shap: 0.0012932316381750217
NDCG_shap: 0.13400314175002392
POS_at_1_shap: 0.025562667995632418
POS_at_5_shap: 0.207431623903634
POS_at_10_shap: 0.2127011468905398
POS_at_20_shap: 0.21616649342519326
POS_at_50_shap: 0.21616649342519326
POS_at_100_shap: 0.21616649342519326
NEG_at_1_shap: 0.020763123822910068
NEG_at_5_shap: 0.2098096077366244
NEG_at_10_shap: 0.21319619639549028
NEG_at_20_shap: 0.21616649342519326
NEG_at_50_shap: 0.21616649342519326
NEG_at_100_shap: 0.21616649342519326
users_DEL_accent: 0.0010544820779384728
users_INS_accent: 0.0018554490628292862
NDCG_accent: 0.1343140546265982
POS_at_1_accent: 0.022647314647720847
POS_at_5_accent: 0.20893991550424323
POS_at_10_accent: 0.21455758253410415
POS_at_20_accent: 0.21616649342519326
POS_at_50_accent: 0.21616649342519326
POS_at_100_accent: 0.21616649342519326
NEG_at_1_accent: 0.019548483246966706
NEG_at_5_accent: 0.2121729361747314
NEG_at_10_accent: 0.21616649342519326
NEG_at_20_accent: 0.21616649342519326
NEG_at_50_accent: 0.21616649342519326
NEG_at_100_accent: 0.21616649342519326
